# callgrind format
version: 1
creator: callgrind-3.13.0
pid: 25338
cmd:  ./a.out jvmclass.lisp
part: 1


desc: I1 cache: 
desc: D1 cache: 
desc: LL cache: 

desc: Timerange: Basic block 0 - 337710463
desc: Trigger: Program termination

positions: line
events: Ir
summary: 2322287546


ob=(6) /lib/x86_64-linux-gnu/libreadline.so.7.0
fl=(91) ???
fn=(742) 0x0000000000013950
0 8
cob=(2) ???
cfi=(18) ???
cfn=(748) 0x0000000004c3f880
calls=1 0 
0 75
0 1
cfn=(752) 0x00000000000138c0
calls=1 0 
0 8
0 3

fn=(752)
0 8

fn=(344) 0x0000000000013990
0 17

ob=(1) /lib/x86_64-linux-gnu/ld-2.27.so
fl=(105) /build/glibc-OTsEL5/glibc-2.27/elf/../elf/dl-runtime.c
fn=(402) _dl_fixup
66 4
+6 4
-6 2
+3 4
+3 6
-4 2
+5 2
+2 2
-2 10
+2 2
-2 2
+2 2
+5 4
+4 4
+4 2
+7 2
-7 4
+4 4
+1 8
+2 8
+7 4
-1 2
+1 2
+10 18
cfi=(6) /build/glibc-OTsEL5/glibc-2.27/elf/dl-lookup.c
cfn=(188) _dl_lookup_symbol_x
calls=2 790 
* 2367
* 2
+4 10
+10 14
+16 2
-8 2
+8 6
+4 6
fi=(5) /build/glibc-OTsEL5/glibc-2.27/elf/../sysdeps/x86_64/dl-machine.h
+96 2
fe=(105)
-92 6

fl=(6)
fn=(10) _dl_setup_hash
939 18
+4 6
+4 12
+2 6
-1 6
+3 18
+1 6
+1 6
+3 6
-3 6
+7 6
-4 6
-1 6
+3 6
+2 6
-7 6
+7 6
+1 6

fn=(188)
790 4630
555 463
790 1852
555 1389
-1 926
+2 463
-1 463
+1 1389
-1 1389
+1 7053
-1 7053
+1 21159
-1 21622
793 463
-1 463
+4 463
+4 463
-8 463
+1 463
+7 1292
+5 1389
+6 1389
-7 5093
+15 56
-8 84
+2 6019
cfn=(190) do_lookup_x
calls=463 338 
* 182558
+3 2287
+25 926
+24 3143
+31 449
+9 1796
+14 1347
+3 1796
+5 449
+2 4195
-86 84
+17 14
+1 28
+59 2

fn=(190)
338 3241
+1 463
-1 2778
+6 926
+12 463
+30 463
-41 463
+41 463
+35 926
-65 2315
+14 4935
+8 3290
+1 4935
+3 1645
+1 3290
+4 3290
+3 3290
-5 1645
+5 4935
+3 11515
-99 1196
540 5866
+1 807
cfi=(36) /build/glibc-OTsEL5/glibc-2.27/elf/dl-misc.c
cfn=(116) _dl_name_match_p
calls=269 282 
* 32707
* 1076
+3 3591
349 3292
+3 3292
+4 3300
+4 3290
+4 3290
fi=(55) /build/glibc-OTsEL5/glibc-2.27/elf/../sysdeps/generic/ldsodefs.h
102 1347
fe=(6)
503 898
+3 3480
-60 92
+64 84
+12 2694
+2 449
+24 3704
-1 28
397 1491
-1 994
+2 994
+2 495
90 1485
375 495
90 495
374 495
90 495
400 990
90 990
413 1425
-10 4620
+2 1796
+2 898
-1 1347
78 3143
+12 2245
+3 1398
cfi=(21) /build/glibc-OTsEL5/glibc-2.27/string/../sysdeps/x86_64/strcmp.S
cfn=(56) strcmp
calls=100 +51 
* 3862
* 300
+5 449
-1 449
+1 449
+2 366
+19 183
+1 1647
452 4490
148 532
+2 1330
+30 322
-59 915
cfi=(21)
cfn=(56)
calls=183 +23 
* 10304
* 915

fl=(104) /build/glibc-OTsEL5/glibc-2.27/elf/../sysdeps/x86_64/dl-trampoline.h
fn=(400) _dl_runtime_resolve_xsave
71 2
+3 2
+2 2
+10 2
+6 2
+1 2
+1 2
+1 2
+1 2
+1 2
+1 2
+4 2
+1 2
+3 2
+1 2
+2 2
+1 2
+1 2
+1 2
+1 2
+1 2
+2 2
+7 2
+1 2
+1 2
cfi=(105)
cfn=(402)
calls=2 -59 
* 2521
+1 2
+5 2
+1 2
+1 2
+2 2
+1 2
+1 2
+1 2
+1 2
+1 2
+1 2
+2 2
+2 2
+4 2
+3 2

fl=(30) /build/glibc-OTsEL5/glibc-2.27/string/strdup.c
fn=(86) strdup
40 20
+1 5
cfi=(13) /build/glibc-OTsEL5/glibc-2.27/string/../sysdeps/x86_64/multiarch/../strlen.S
cfn=(28) strlen
calls=5 +38 
* 152
* 5
+1 10
cfi=(19) /build/glibc-OTsEL5/glibc-2.27/elf/dl-minimal.c
cfn=(46) malloc
calls=5 +8 
* 90
* 5
+2 10
+4 5
-1 10
+1 10
-1 10
cfi=(20) /build/glibc-OTsEL5/glibc-2.27/string/../sysdeps/x86_64/multiarch/memmove-vec-unaligned-erms.S
cfn=(48) memcpy
calls=5 +82 
* 74

fl=(54) /build/glibc-OTsEL5/glibc-2.27/elf/dl-reloc.c
fn=(180) _dl_relocate_object
148 60
+15 6
-15 12
+15 6
+1 30
+6 18
+6 24
+1 12
-19 8
+22 8
+7 6
-32 6
+32 6
+44 6
fi=(5)
76 6
fe=(54)
231 12
fi=(5)
76 18
fe=(54)
258 219
-99 3
fi=(5)
481 9
fe=(54)
159 6
+99 3
fi=(4) /build/glibc-OTsEL5/glibc-2.27/elf/do-rel.h
48 3
fe=(54)
258 3
fi=(4)
47 3
+11 3
-11 3
+11 3
-11 3
+11 3
fe=(54)
258 3
-99 3
fi=(5)
481 9
fe=(54)
159 6
+99 3
fi=(4)
48 3
fe=(54)
258 3
fi=(4)
47 3
+11 3
-11 3
+11 3
-11 3
+11 3
fe=(54)
258 6
fi=(4)
48 6
fe=(54)
258 6
fi=(4)
47 6
+11 6
-11 6
+11 6
-11 6
+11 6
+26 9
+14 18
-15 18
+3 36
+12 9
+10 14
+10 27
+6 8
-3 16
+3 8
fi=(5)
491 5
fi=(4)
51 5
fi=(5)
491 5
fi=(4)
50 10
+77 1924
+12 962
-3 1443
fi=(5)
276 481
fi=(4)
139 481
-2 481
-1 481
+1 481
+1 481
-1 962
fi=(5)
276 481
+21 962
+4 962
+7 1924
fi=(55)
102 1392
fi=(5)
308 8557
fi=(4)
138 455
fi=(5)
308 910
fi=(4)
138 455
fi=(5)
308 455
fi=(4)
138 455
fi=(5)
308 910
fi=(4)
138 1
fi=(5)
308 2
fi=(4)
138 1
fi=(5)
308 1
fi=(4)
138 1
fi=(5)
308 5474
cfi=(6)
cfn=(188)
calls=456 790 
* 281823
* 2736
+2 1392
+25 2886
fi=(4)
74 6
+1 7
+1 78
fi=(5)
551 39
+24 78
+2 39
cob=(3) /lib/x86_64-linux-gnu/libc-2.27.so
cfi=(77) /build/glibc-OTsEL5/glibc-2.27/time/../sysdeps/unix/sysv/linux/x86/gettimeofday.c
cfn=(274) gettimeofday
calls=1 42 
* 77
cob=(3)
cfi=(58) /build/glibc-OTsEL5/glibc-2.27/string/../sysdeps/x86_64/multiarch/ifunc-strcasecmp.h
cfn=(270) strncasecmp_l
calls=1 32 
* 6
cob=(3)
cfi=(60) /build/glibc-OTsEL5/glibc-2.27/string/../sysdeps/x86_64/multiarch/ifunc-avx2.h
cfn=(268) strchrnul
calls=1 32 
* 8
cob=(3)
cfi=(57) /build/glibc-OTsEL5/glibc-2.27/string/../sysdeps/x86_64/multiarch/ifunc-unaligned-ssse3.h
cfn=(266) stpcpy
calls=1 33 
* 9
cob=(3)
cfi=(57)
cfn=(264) stpncpy
calls=1 33 
* 9
cob=(3)
cfi=(70) /build/glibc-OTsEL5/glibc-2.27/string/../sysdeps/x86_64/multiarch/ifunc-sse4_2.h
cfn=(262) strspn
calls=1 30 
* 6
cob=(3)
cfi=(64) /build/glibc-OTsEL5/glibc-2.27/wcsmbs/../sysdeps/x86_64/multiarch/ifunc-avx2.h
cfn=(260) wcslen
calls=1 32 
* 8
cob=(3)
cfi=(60)
cfn=(258) memchr
calls=1 32 
* 8
cob=(3)
cfi=(58)
cfn=(254) strcasecmp_l
calls=1 32 
* 6
cob=(3)
cfi=(60)
cfn=(252) memrchr
calls=1 32 
* 8
cob=(3)
cfi=(60)
cfn=(250) strlen
calls=1 32 
* 8
cob=(3)
cfi=(74) /build/glibc-OTsEL5/glibc-2.27/string/../sysdeps/x86_64/multiarch/strchr.c
cfn=(248) index
calls=1 40 
* 8
cob=(3)
cfi=(70)
cfn=(246) strpbrk
calls=1 30 
* 6
cob=(3)
cfi=(73) /build/glibc-OTsEL5/glibc-2.27/wcsmbs/../sysdeps/x86_64/multiarch/ifunc-wmemset.h
cfn=(244) wmemset
calls=2 32 
* 26
cob=(3)
cfi=(72) /build/glibc-OTsEL5/glibc-2.27/wcsmbs/../sysdeps/x86_64/multiarch/wcsnlen.c
cfn=(242) wcsnlen
calls=1 40 
* 7
cob=(3)
cfi=(56) /build/glibc-OTsEL5/glibc-2.27/string/../sysdeps/x86_64/multiarch/ifunc-memmove.h
cfn=(240) memcpy@@GLIBC_2.14
calls=1 44 
* 16
cob=(3)
cfi=(57)
cfn=(238) strcpy
calls=1 33 
* 9
cob=(3)
cfi=(58)
cfn=(234) strncasecmp
calls=1 32 
* 6
cob=(3)
cfi=(70)
cfn=(232) strcspn
calls=1 30 
* 6
cob=(3)
cfi=(60)
cfn=(230) strnlen
calls=2 32 
* 16
cob=(3)
cfi=(64)
cfn=(228) wcschr
calls=2 32 
* 16
cob=(3)
cfi=(69) /build/glibc-OTsEL5/glibc-2.27/string/../sysdeps/x86_64/multiarch/ifunc-memset.h
cfn=(226) memset
calls=1 42 
* 18
cob=(3)
cfi=(68) /build/glibc-OTsEL5/glibc-2.27/string/../sysdeps/x86_64/multiarch/strcmp.c
cfn=(224) strcmp
calls=1 38 
* 9
cob=(3)
cfi=(67) /build/glibc-OTsEL5/glibc-2.27/string/../sysdeps/x86_64/multiarch/strncmp.c
cfn=(222) strncmp
calls=1 38 
* 8
cob=(3)
cfi=(65) /build/glibc-OTsEL5/glibc-2.27/string/../sysdeps/x86_64/multiarch/ifunc-memcmp.h
cfn=(218) bcmp
calls=1 33 
* 13
cob=(3)
cfi=(56)
cfn=(216) mempcpy
calls=1 44 
* 16
cob=(3)
cfi=(64)
cfn=(214) wmemchr
calls=2 32 
* 16
cob=(3)
cfi=(60)
cfn=(212) rawmemchr
calls=1 32 
* 8
cob=(3)
cfi=(61) /build/glibc-OTsEL5/glibc-2.27/time/../sysdeps/unix/sysv/linux/x86/time.c
cfn=(206) time
calls=1 43 
* 77
cob=(3)
cfi=(60)
cfn=(204) rindex
calls=1 32 
* 8
cob=(3)
cfi=(57)
cfn=(202) strcat
calls=1 33 
* 9
cob=(3)
cfi=(58)
cfn=(198) strcasecmp
calls=1 32 
* 6
cob=(3)
cfi=(57)
cfn=(196) strncpy
calls=1 33 
* 9
cob=(3)
cfi=(56)
cfn=(194) memmove
calls=2 44 
* 32
-26 39
+27 39
fi=(4)
75 121
fe=(54)
258 2
fi=(4)
75 22
fe=(54)
258 22
+3 24
+24 6
+3 12
+17 18
+8 30
+3 6
-3 6
+3 6
+4 12
+1 18
cfi=(44) /build/glibc-OTsEL5/glibc-2.27/misc/../sysdeps/unix/syscall-template.S
cfn=(136) mprotect
calls=6 78 
* 30
* 12
-14 48
fi=(5)
131 9
458 1852
fi=(4)
124 1443
+19 25
fi=(5)
430 51
+4 68
+5 17
+9 17
-9 34
+9 34
+49 3
+4 6
cfi=(20)
cfn=(48)
calls=1 129 
* 10
+2 3
+1 1
308 34
+5 17
-3 34
+3 505
-3 908
+3 1362
+3 85
+3 34
+1 51
+1 34
+4 17
+7 17
cob=(3)
cfi=(79) /build/glibc-OTsEL5/glibc-2.27/string/../sysdeps/x86_64/multiarch/strstr.c
cfn=(284) strstr
calls=1 44 
* 6
cob=(3)
cfi=(61)
cfn=(206)
calls=1 43 
* 77
cob=(3)
cfi=(56)
cfn=(240)
calls=1 44 
* 16
cob=(3)
cfi=(78) /build/glibc-OTsEL5/glibc-2.27/debug/../sysdeps/x86_64/multiarch/ifunc-memmove.h
cfn=(282) __memcpy_chk
calls=1 44 
* 16
cob=(3)
cfi=(68)
cfn=(224)
calls=2 38 
* 18
cob=(3)
cfi=(57)
cfn=(280) strncat
calls=1 33 
* 9
cob=(3)
cfi=(69)
cfn=(226)
calls=1 42 
* 18
cob=(3)
cfi=(77)
cfn=(274)
calls=1 42 
* 77
cob=(3)
cfi=(60)
cfn=(204)
calls=1 32 
* 8
cob=(3)
cfi=(74)
cfn=(248)
calls=1 40 
* 8
cob=(3)
cfi=(60)
cfn=(250)
calls=2 32 
* 16
cob=(3)
cfi=(57)
cfn=(238)
calls=1 33 
* 9
cob=(3)
cfi=(67)
cfn=(222)
calls=1 38 
* 8
cob=(3)
cfi=(57)
cfn=(196)
calls=2 33 
* 18
* 51
-24 234
fi=(4)
61 6
-10 3
-1 6
fi=(5)
551 222
+4 222
+2 333
+1 111
fi=(4)
61 450
+2 600
+2 119
+46 16
fi=(5)
541 3932
fi=(4)
111 3932
fi=(5)
541 3932
fi=(4)
111 3932
fi=(5)
541 3932
fi=(4)
111 3932
fi=(5)
535 3932
fi=(4)
112 7864
fi=(5)
535 7864
+5 7864
fi=(4)
50 1
160 1
51 1
160 4
+2 20
+9 10
-1 5
+1 5
-1 10
fi=(5)
276 5
fi=(4)
170 15
fi=(5)
276 5
+21 10
+4 10
+7 20
fi=(55)
102 15
fi=(5)
308 170
cfi=(6)
cfn=(188)
calls=5 790 
* 2835
* 35
+2 15
+25 30
fe=(54)
-77 15
fi=(5)
82 6
+4 9
+14 3
-8 3
+8 6
+20 6
+4 12
-2 6
458 20
fi=(4)
160 17
+14 2
fi=(5)
313 1
-3 2
+3 3
-5 1528
fe=(54)
180 6
fi=(5)
308 28
fe=(54)

fl=(137) /build/glibc-OTsEL5/glibc-2.27/elf/dl-fini.c
fn=(700) _dl_fini
30 8
+20 3
-3 6
+3 4
+3 2
cfi=(2) /build/glibc-OTsEL5/glibc-2.27/elf/rtld.c
cfn=(52) rtld_lock_default_lock_recursive
calls=1 784 
* 2
+2 1
+3 2
+2 8
+8 1
-3 1
+8 1
-5 6
+7 12
+2 12
+2 12
+1 6
+1 6
+4 6
-12 18
+14 6
+1 4
+6 3
cfi=(52) /build/glibc-OTsEL5/glibc-2.27/elf/dl-sort-maps.c
cfn=(164) _dl_sort_maps
calls=1 -66 
* 657
+10 2
cfi=(2)
cfn=(54) rtld_lock_default_unlock_recursive
calls=1 790 
* 2
+5 6
+2 1
+2 3
-2 5
+2 15
+3 12
+3 18
+4 8
+11 4
+1 4
-1 4
+2 4
-2 4
+2 4
+1 28
+1 4
cob=(5) /lib/x86_64-linux-gnu/libtinfo.so.5.9
cfi=(90) ???
cfn=(760) 0x000000000000cab0
calls=1 0 
* 95
cob=(6)
cfi=(91)
cfn=(742)
calls=1 0 
* 95
cob=(4) /usr/lib/valgrind/vgpreload_core-amd64-linux.so
cfi=(81) ???
cfn=(724) 0x0000000000000600
calls=1 0 
* 95
cob=(7) /home/david/Lateral/src/a.out
cfi=(92) ???
cfn=(702) 0x0000000000000cd0
calls=1 0 
* 95
* 4
-1 12
+5 8
+1 12
cob=(2)
cfi=(18)
cfn=(776) 0x000000000527ea18
calls=1 0 
* 3
cob=(2)
cfi=(18)
cfn=(758) 0x0000000004c63848
calls=1 0 
* 3
cob=(2)
cfi=(18)
cfn=(740) 0x0000000004a2a7a8
calls=1 0 
* 3
cob=(2)
cfi=(18)
cfn=(722) 0x000000000010e454
calls=1 0 
* 3
+6 36
+16 12
-56 14
+62 6
+6 2
+7 8
-90 7
+26 6

fl=(20)
fn=(74) mempcpy
116 34
+1 34
+1 34
+13 34
+1 34
+1 14
+1 14
+5 11
+1 11
+1 11
+1 11
+5 11
267 20
+1 20
+1 10
+1 10
+1 5
+1 5
+1 3
+4 3
+22 10
+1 10
+1 10
+1 10
+1 10
+3 5
+1 5
+1 5
+1 5
+1 5
+3 2
+1 2
+1 2
+1 2
+1 2
+10 3
+1 3
+1 3
+1 3
+22 3
+1 3
+1 3
+1 3
+1 3
+1 3
+1 3
+1 3
+2 3

fn=(48)
129 29
+2 29
+1 29
+1 17
+1 17
+5 9
+1 9
+1 9
+1 9
+5 9
267 12
+1 12
+1 3
+1 3
+1 3
+1 3
+1 1
+1 1
+1 1
+2 1
+22 9
+1 9
+1 9
+1 9
+1 9
+10 2
+1 2
+1 2
+1 2
+1 2
+10 8
+1 8
+1 8
+1 8
+22 8
+1 8
+1 8
+1 8
+1 8
+1 8
+1 8
+1 8
+2 8

fl=(53) /build/glibc-OTsEL5/glibc-2.27/elf/dl-version.c
fn=(172) _dl_check_map_versions
156 42
+15 18
+2 30
+2 6
+1 6
+2 6
-3 6
+1 6
+2 6
+3 12
-16 4
-8 8
+28 4
-4 4
+4 8
+16 4
37 8
201 4
37 20
201 1
37 2
201 1
37 5
+1 18
-1 36
+2 69
cfi=(36)
cfn=(116)
calls=23 282 
* 2291
* 46
209 15
+5 5
-71 15
+71 10
-71 15
+79 5
-2 5
-2 10
+4 5
-4 35
+4 13
-2 13
-2 26
+4 13
-4 101
57 6
+8 6
-8 48
+8 48
+6 54
+16 18
+1 36
+2 18
+5 108
+14 336
+12 450
+4 150
-30 300
225 72
+3 54
+5 13
-11 13
111 18
+3 72
cfi=(21)
cfn=(56)
calls=18 +30 
* 960
* 82
237 20
+5 3
-43 1
+52 12
+3 12
+3 18
+3 12
+4 3
-7 12
+3 9
+4 56
-7 224
+3 171
+8 15
+89 54
-83 20
cfi=(19)
cfn=(42) calloc
calls=5 92 
* 135
* 5
+1 5
-2 5
+2 5
+13 5
+2 5
-5 5
+3 5
+2 5
-2 5
+2 5
+3 16
+4 15
+18 13
-15 39
+2 39
-2 15
+2 15
+2 18
+1 18
-1 36
+1 18
-1 18
+1 18
+1 18
-2 18
+2 36
+1 54
+3 54
+8 15
+5 1
-28 1
+33 15
+3 12
+4 59
+6 59
+1 59
+1 59
-1 177
+1 59
-1 59
+1 59
+1 59
+3 177
+4 59
-14 124
+10 9
-96 2
-86 2
-8 2
+94 3

fn=(170) _dl_check_all_versions
362 5
+2 1
-2 3
+4 3
+2 36
cfn=(172)
calls=6 156 
* 8180
-2 6
+2 24
-2 12
+5 7

fl=(17) /build/glibc-OTsEL5/glibc-2.27/elf/dl-object.c
fn=(50) _dl_add_to_namespace_list
31 10
+2 5
-2 15
+2 10
cfi=(2)
cfn=(52)
calls=5 784 
* 10
+2 41
+3 42
+2 4
+2 4
+4 4
+4 4
-4 8
+1 4
+4 8
-4 4
+1 4
+3 4
-3 4
+2 4
cfi=(2)
cfn=(54)
calls=4 790 
* 8
-4 1
+4 1
-4 2
+1 1
+4 2
-4 1
+1 1
+3 1
-3 1
+2 1
cfi=(2)
cfn=(54)
calls=1 790 
* 2
-5 2

fn=(38) _dl_new_object
59 60
+1 5
-1 5
+1 10
cfi=(13)
cfn=(28)
calls=5 +19 
* 116
+6 5
-6 10
+6 5
+7 5
-7 5
-6 5
+6 15
+2 10
+5 15
cfi=(19)
cfn=(42)
calls=5 +19 
* 201
* 5
+3 5
-3 5
+3 5
+4 5
+5 5
-6 5
+6 5
-5 5
+5 5
-5 5
+4 5
+1 10
-1 5
+1 5
cfi=(20)
cfn=(48)
calls=5 +44 
* 61
+10 5
-10 5
+10 5
-10 5
+10 5
-8 5
+8 10
+1 5
-1 5
+1 15
+3 5
-3 5
+3 5
+9 5
-7 5
+4 5
+3 10
+2 2
-2 2
+2 30
-2 30
+18 10
-6 5
+1 5
+5 5
-6 5
+6 15
+2 4
+3 4
-3 8
+3 5
+4 15
+4 9
+8 1
+3 1
+3 2
-3 1
+3 1
-3 4
+3 8
-3 4
+3 4
+2 4
+21 4
-21 4
cfi=(13)
cfn=(28)
calls=4 -76 
* 136
+4 4
-4 8
+17 4
-13 12
+64 4
+4 45
100 14
+39 12
+70 12
cfi=(20)
cfn=(74)
calls=4 -93 
* 72
* 75
+6 71
-1 71
+1 75
-1 4
+1 12
+5 8
-96 1
+7 4
+32 8
cfi=(19)
cfn=(46)
calls=4 50 
* 72
* 4
+1 4
-1 8
+1 4

fl=(32) /build/glibc-OTsEL5/glibc-2.27/elf/../elf/dl-tls.c
fn=(178) _dl_allocate_tls_storage
332 1
+2 1
-2 2
+13 1
+1 2
cfi=(19)
cfn=(46)
calls=1 50 
* 80
* 1
+1 3
+8 2
-69 1
+69 2
+1 1
+4 297
+19 1
-94 2
+1 2
cfi=(19)
cfn=(42)
calls=1 92 
* 27
* 1
+1 2
+3 1
+6 2
+89 5

fn=(286) _dl_allocate_tls_init
437 8
+1 1
-1 1
+1 1
+4 1
+6 2
-6 1
+6 1
+12 1
-15 1
+39 1
-24 1
-16 2
+21 9
+6 15
+3 1
+1 2
+6 3
+3 1
-2 1
+6 1
-6 1
+2 1
+4 1
-4 2
+3 1
-3 1
+1 1
+2 1
+4 2
+1 4
+2 2
+1 2
+12 1
-3 1
+3 2
cfi=(20)
cfn=(74)
calls=1 116 
* 12
* 5
cfi=(28) /build/glibc-OTsEL5/glibc-2.27/string/../sysdeps/x86_64/multiarch/memset-vec-unaligned-erms.S
cfn=(76) memset
calls=1 109 
* 33
* 7
-42 2
+52 1
+4 3
+3 8

fn=(94) _dl_count_modids
113 2
+1 2

fn=(162) _dl_next_tls_modid
51 4
+48 1
+4 1

fn=(176) _dl_determine_tlsoffset
141 1
-6 5
+6 2
+3 2
+36 3
+2 4
-2 1
-2 1
-40 1
-1 1
-1 2
+69 2
+3 2
-3 5
+2 2
+10 1
-37 2
+25 1
-25 2
+5 1
-1 1
+5 2
-4 1
-1 2
+3 2
+2 3
-9 5
+93 1
-53 1
+1 1
+52 1
-1 1
+1 4

fn=(278) _dl_add_to_slotinfo
887 4
+9 1
-3 2
+8 7
+41 1
+1 1
+1 4

fl=(31) /build/glibc-OTsEL5/glibc-2.27/elf/dl-debug.c
fn=(92) _dl_debug_initialize
49 12
+5 10
+5 2
-1 1
+1 2
+1 2
-1 1
+5 1
-14 6
+4 12
+4 1
-1 1
+1 6

fn=(96) _dl_debug_state
74 2

fl=(37) /build/glibc-OTsEL5/glibc-2.27/io/../sysdeps/unix/sysv/linux/wordsize-64/lxstat.c
fn=(120) open
39 15
fi=(38) /build/glibc-OTsEL5/glibc-2.27/io/../sysdeps/unix/sysv/linux/open64.c
-3 15
+3 90
+8 105
+2 5
-2 30
+2 10
fe=(37)

fl=(7) /build/glibc-OTsEL5/glibc-2.27/elf/../elf/dl-sysdep.c
fn=(12) _dl_sysdep_start
88 8
+25 1
-1 1
+1 190
+6 1
-3 1
+1 1
-4 1
+3 1
+3 4
+1 2
-1 12
-29 1
-1 10
+30 2
+1 108
+3 1
-4 74
+62 1
-62 1
+63 1
-1 1
-62 3
+34 1
-34 2
+35 1
-35 2
+46 1
-46 1
+47 1
-1 1
-46 3
+40 1
-40 1
+41 1
-1 1
-40 3
+37 1
-37 2
+38 1
-38 3
+13 1
-13 2
+14 1
-14 2
+10 1
-10 2
+11 1
-11 2
+7 1
-7 4
224 1
cfi=(9) /build/glibc-OTsEL5/glibc-2.27/elf/dl-tunables.c
cfn=(16) __GI___tunables_init
calls=1 +65 
* 23217
fi=(11) /build/glibc-OTsEL5/glibc-2.27/elf/../sysdeps/unix/sysv/linux/dl-sysdep.c
35 2
cfi=(12) /build/glibc-OTsEL5/glibc-2.27/elf/../sysdeps/unix/sysv/linux/x86_64/brk.c
cfn=(22) brk
calls=1 -4 
* 11
fi=(8) /build/glibc-OTsEL5/glibc-2.27/elf/../sysdeps/x86/cpu-features.c
196 1
-12 1
+1 1
+11 1
+3 1
-3 1
+3 5
366 3
+1 1
+3 2
+1 1
+6 1
+5 2
-3 1
+3 1
-4 1
+4 1
cfi=(9)
cfn=(26) __tunable_get_val
calls=1 -9 
* 16
+2 4
cfi=(9)
cfn=(26)
calls=1 -11 
* 18
* 1
+2 3
-2 1
+2 1
cfi=(9)
cfn=(26)
calls=1 -13 
* 18
* 1
+2 3
-2 1
+2 1
cfi=(9)
cfn=(26)
calls=1 -15 
* 18
+12 1
-12 1
+11 1
-11 1
+12 1
fe=(7)
236 1
cfi=(13)
cfn=(28)
calls=1 79 
* 16
* 1
+2 2
cfi=(14) /build/glibc-OTsEL5/glibc-2.27/elf/../misc/sbrk.c
cfn=(30) sbrk
calls=1 32 
* 17
* 3
+12 3
+3 5
cfi=(2)
cfn=(32) dl_main
calls=1 870 
* 422923
+1 1
+1 8
fi=(8)
404 3
+28 2
-9 3
+2 4
+3 4
+1 2
205 6
cfn=(24) get_common_indeces.constprop.1
calls=1 34 
* 87
+3 3
+97 4
+7 4
203 1
312 4
210 5
+1 7
+85 3
-79 2
fe=(7)

fn=(288) _dl_sysdep_start_cleanup
260 1

fl=(39) /build/glibc-OTsEL5/glibc-2.27/io/../sysdeps/unix/sysv/linux/read.c
fn=(124) read
27 16
+1 4

fl=(49) /build/glibc-OTsEL5/glibc-2.27/io/../sysdeps/unix/sysv/linux/wordsize-64/xstat.c
fn=(152) _xstat
34 8
-1 8
+1 8
+1 48
+4 1
-4 28

fl=(52)
fn=(164)
28 16
+2 2
-2 2
+2 2
+92 10
-88 10
+1 4
-1 2
-1 2
+1 8
+1 2
cfi=(28)
cfn=(76)
calls=2 +74 
* 26
* 32
+4 4
+3 2
-3 4
+1 6
+2 2
-7 10
+4 20
+3 10
-3 20
+1 30
+2 10
+12 84
+2 30
+1 20
-1 42
+1 42
+2 126
+1 90
+6 4
-1 2
+1 2
-1 16
cfi=(20)
cfn=(48)
calls=2 +64 
* 20
+2 2
+2 14
+5 2
+3 12
+41 48
cfi=(28)
cfn=(76)
calls=8 -9 
* 120
* 32
-28 88
-36 44
+61 52
-31 14
cfi=(20)
cfn=(48)
calls=2 +45 
* 28
+1 6
+2 2
-2 2
+2 2
+3 33
-44 24
+69 2
+7 16

fl=(16) /build/glibc-OTsEL5/glibc-2.27/string/../sysdeps/x86_64/memcmp.S
fn=(36) bcmp
24 2
+1 2
+1 2
+1 2
+1 2
+1 2
+1 2
+1 2
+3 2
+1 2
+1 1
+1 1
+1 1
+1 1
+1 1
+1 1
+1 1
+2 2
+1 2
+1 1
+1 1
+1 1
+1 1
+1 1
+1 1
+1 1
+2 2
+1 2
+1 2
+1 2
+1 2
+1 2
+1 1
+1 1
+1 1
+2 1
+1 1
+1 1
+1 1
+1 1
+1 1
+29 2
+1 2
+15 2
+1 2

fl=(15) /build/glibc-OTsEL5/glibc-2.27/elf/dl-environ.c
fn=(34) _dl_next_ld_env_entry
29 3
+3 10
+13 58
-13 174
+2 120
+1 18
+5 2
-3 2
+3 2
+2 2
+7 1

fl=(50) /build/glibc-OTsEL5/glibc-2.27/elf/dl-cache.c
fn=(154) _dl_load_cache_lookup
187 27
+8 6
+3 9
+45 10
+6 4
-6 1
+6 2
+11 3
-2 3
fi=(51) /build/glibc-OTsEL5/glibc-2.27/elf/../sysdeps/x86/dl-procinfo.h
39 3
fe=(50)
258 6
fi=(51)
39 9
+3 9
cfi=(21)
cfn=(56)
calls=3 144 
* 72
* 6
fe=(50)
264 12
cfi=(9)
cfn=(26)
calls=3 373 
* 54
* 3
fi=(26) /build/glibc-OTsEL5/glibc-2.27/elf/../sysdeps/unix/sysv/linux/not-errno.h
28 6
fe=(50)
264 3
fi=(26)
28 6
fe=(50)
266 6
fi=(26)
32 9
fe=(50)
270 6
+15 3
-15 3
+15 440
cfn=(160) _dl_cache_libcmp
calls=28 141 
* 2333
* 180
cfn=(160)
calls=3 141 
* 227
* 21
-84 4
cfi=(36)
cfn=(156) _dl_sysdep_read_whole_file
calls=1 44 
* 107
+8 1
-8 1
+8 4
+1 7
+7 1
-3 1
+3 3
+3 1
+1 2
-1 1
+1 1
+1 8
+63 9
+16 6
+4 6
+8 9
cfi=(13)
cfn=(28)
calls=3 79 
* 102
* 6
+1 3
-1 12
+1 6
cfi=(20)
cfn=(48)
calls=3 129 
* 46
+1 6
cfi=(30)
cfn=(86)
calls=3 40 
* 256
+1 24
-19 6
-27 12
+1 9
-1 21
+15 19
cfn=(160)
calls=1 141 
* 144
* 47
fi=(51)
42 9
fe=(50)
297 3

fn=(160)
141 64
+1 72
+2 744
+20 364
+2 672
+4 154
+1 154
-29 308
+32 12
-28 8

ob=(7)
fl=(99) /home/david/Lateral/src/garbage.c
fn=(382) bank_init
9 195
+1 130
cob=(3)
cfi=(100) /build/glibc-OTsEL5/glibc-2.27/malloc/malloc.c
cfn=(386) malloc
calls=65 3028 
* 358245
* 65
* 65
+1 130
+5 130
+1 130
+1 665600
+1 1464320
-2 199810
+5 130
+1 65
+1 130

fn=(608) garbage_run
52 198
+2 198
+1 132
+1 93696
cfi=(110) /home/david/Lateral/src/object.c
cfn=(610) obj_mark
calls=7808 +39 
* 6064387
+1 93696
cfi=(110)
cfn=(610)
calls=7808 +38 
* 1432681
-2 39304
+6 132
+1 66
+1 1022
+1 10320520
+1 1307460
cfi=(110)
cfn=(612) obj_release
calls=118860 +21 
* 3747588
+1 1188600
+1 1188600
+1 237720
+2 2614920
-7 356580
+7 8896888
-7 1214234
+9 1533
-10 1154
+12 198

fn=(380) garbage_init
26 2
+1 2
cfn=(382)
calls=1 -18 
* 99738
* 1
+1 3

fn=(430) garbage_alloc
30 366090
+1 244060
+1 122030
+1 13963504
+1 244412
+1 743738160
+1 1220300
-2 185812862
+5 352
+3 13475384
+1 128
cfn=(382)
calls=64 -34 
* 2589407
* 192
+2 192
-13 128
+13 10106346
-13 6981624
+18 244060

fl=(92)
fn=(366) 0x0000000000000d10
0 17

fn=(716) 0x0000000000000c40
0 8

fn=(352) _start
0 11
cob=(3)
cfi=(93) /build/glibc-OTsEL5/glibc-2.27/csu/../csu/libc-start.c
cfn=(354) (below main)
calls=1 137 
0 2321837228

fn=(702)
0 8
cob=(2)
cfi=(18)
cfn=(708) 0x0000000000108c00
calls=1 0 
0 75
0 1
cfn=(716)
calls=1 0 
0 8
0 3

fn=(360) __libc_csu_init
0 15
cob=(2)
cfi=(18)
cfn=(362) 0x0000000000108a90
calls=1 0 
0 6
0 8
cfn=(366)
calls=1 0 
0 17
0 11

fl=(115) /home/david/Lateral/src/reader.c
fn=(588) read_form
132 320
+1 704
+2 320
cfi=(110)
cfn=(456) obj_string
calls=64 11 
* 832
* 192
cob=(3)
cfi=(114) /build/glibc-OTsEL5/glibc-2.27/string/../sysdeps/x86_64/multiarch/../strcmp.S
cfn=(470) __strcmp_ssse3
calls=64 +9 
* 1536
* 64
* 128
+2 320
+1 320
cfn=(590) read_list
calls=64 +12 
* 18379443
* 64
+10 128

fn=(589) read_form'2
132 7890
+1 17358
+2 7890
cfi=(110)
cfn=(456)
calls=1578 11 
* 20499
* 4734
cob=(3)
cfi=(114)
cfn=(470)
calls=1578 +9 
* 37872
* 1578
* 3156
+2 2245
+1 2245
cfn=(591) read_list'2
calls=449 +12 
* 54412027
* 449
+1 5645
cfi=(110)
cfn=(456)
calls=1129 11 
* 14662
* 3387
cob=(3)
cfi=(114)
cfn=(470)
calls=1129 +5 
* 27096
* 1129
* 2258
+5 5645
cfn=(592) read_atom
calls=1129 -77 
* 7895089
* 3387
+1 5645
+1 1129
+2 3156

fn=(592)
67 7903
+1 4516
+6 3387
cfi=(110)
cfn=(456)
calls=1129 -63 
* 14662
* 1129
+1 4831
+2 52
+1 52
+1 52
+1 106
+1 1484
+1 747
+1 322
+1 207
+7 106
-12 1106
+14 208
+1 312
cfi=(110)
cfn=(428) obj_init
calls=52 -58 
* 150094
* 52
+1 8392
+2 51
+1 51
+1 51
+1 204
+4 770
+4 330
+1 440
+1 55
-7 742
+9 102
+3 204
+1 306
cfi=(110)
cfn=(428)
calls=51 -80 
* 392582
* 51
+1 4104
+2 144
cob=(3)
cfi=(112) /build/glibc-OTsEL5/glibc-2.27/string/../sysdeps/x86_64/multiarch/strlen-avx2.S
cfn=(444) __strlen_avx2
calls=48 -67 
* 764
* 48
* 336
cfi=(110)
cfn=(446) obj_init_str_len
calls=48 -70 
* 255002
* 48
+1 3912
+2 3912
+1 260
cfi=(110)
cfn=(440) obj_init_str
calls=52 -52 
* 263956
* 52
+2 3704
cfi=(110)
cfn=(440)
calls=926 -54 
* 6757543
+2 5645

fn=(564) read_token
18 10785
+1 6471
+3 2157
+1 49792
+2 4065
-1 41284
-1 1165
+4 8748
+1 32
+1 848
-1 7040
-6 13418
+10 2155
+4 4310
+1 8620
-1 4
+1 15632
+1 2052
+1 4524
+2 48
+1 48
+1 381
+1 1524
-2 1716
+7 96
+3 4840
-1 208836
+5 6471
+1 10775
+1 10775
cfi=(110)
cfn=(446)
calls=2155 -9 
* 16657234
* 6465
+1 6465
+1 4310
+3 2
+2 4314

fn=(480) read_file
243 14
+2 8
cob=(3)
cfi=(116) /build/glibc-OTsEL5/glibc-2.27/libio/iofopen.c
cfn=(484) fopen@@GLIBC_2.2.5
calls=2 88 
* 935
* 2
* 2
+1 2
+2 4
+1 10
cob=(3)
cfi=(121) /build/glibc-OTsEL5/glibc-2.27/libio/fseek.c
cfn=(504) fseek
calls=2 32 
* 1276
* 2
+1 6
cob=(3)
cfi=(128) /build/glibc-OTsEL5/glibc-2.27/libio/ioftell.c
cfn=(538) ftell
calls=2 34 
* 212
* 2
* 2
+1 10
cob=(3)
cfi=(121)
cfn=(504)
calls=2 32 
* 424
* 2
+1 10
cob=(3)
cfi=(100)
cfn=(386)
calls=2 3028 
* 484
* 2
* 2
+1 4
+4 14
cob=(3)
cfi=(129) /build/glibc-OTsEL5/glibc-2.27/libio/iofread.c
cfn=(544) fread
calls=2 31 
* 988
* 2
+1 10
+6 2
+1 4
+1 2
+1 4
+1 2
+1 10775
cfi=(110)
cfn=(566) list_append
calls=2155 -61 
* 16729948
* 2155
+1 4310
+1 4
-3 10
cfn=(564)
calls=2 18 
* 5142
* 10775
cfn=(564)
calls=2155 18 
* 17102260
* 4314
+6 6
cob=(3)
cfi=(131) /build/glibc-OTsEL5/glibc-2.27/libio/iofclose.c
cfn=(570) fclose@@GLIBC_2.2.5
calls=2 34 
* 1016
* 2
+1 6
cob=(3)
cfi=(100)
cfn=(478) free
calls=2 3086 
* 244
* 2
+10 6
cfi=(110)
cfn=(440)
calls=2 71 
* 7696
* 2
+1 12
cfi=(110)
cfn=(464) envir_set
calls=2 586 
* 8028
+2 2
+1 4
+1 2
+1 320
cfn=(588)
calls=64 132 
* 18384371
+1 320
cfi=(133) /home/david/Lateral/src/eval.c
cfn=(594) evaluate
calls=64 175 
* 2230481719
+1 128
cfi=(99)
cfn=(608)
calls=64 52 
* 34905033
-3 264
+5 12
cfi=(110)
cfn=(626) hashmap_rem
calls=2 498 
* 480
* 4
+3 4
cfi=(99)
cfn=(608)
calls=2 52 
* 3896474
+1 10

fn=(590)
150 512
+1 128
+1 192
+2 64
+1 64
+1 1190
cfn=(589)
calls=238 -24 
* 17268802
+1 1190
cfi=(110)
cfn=(566)
calls=238 +51 
* 1088634
* 238
+1 952
+1 192
-4 3020
cfi=(110)
cfn=(456)
calls=302 11 
* 3925
* 906
cob=(3)
cfi=(114)
cfn=(470)
calls=302 -11 
* 7248
* 302
* 604
+8 320
+5 256
+5 320
+1 64
+1 320

fn=(591)
150 3592
+1 898
+1 1347
+2 449
+1 449
+1 6700
cfn=(589)
calls=1340 -24 
* 45217369
+1 6700
cfi=(110)
cfn=(566)
calls=1340 +51 
* 9062693
* 1340
+1 5360
+1 1347
-4 17890
cfi=(110)
cfn=(456)
calls=1789 11 
* 23243
* 5367
cob=(3)
cfi=(114)
cfn=(470)
calls=1789 -11 
* 42936
* 1789
* 3578
+8 2245
+5 1796
+5 2245
+1 449
+1 2245

fl=(111) /home/david/Lateral/src/core.c
fn=(436) lang_init
496 6
+1 2
+1 6
cfi=(110)
cfn=(428)
calls=1 36 
* 80
* 1
+1 5
cfi=(110)
cfn=(438) envir_set_str
calls=1 +91 
* 469
+1 5
cfi=(110)
cfn=(438)
calls=1 +90 
* 575
+2 3
cfn=(462) insert_function
calls=1 -14 
* 871
+1 3
cfn=(462)
calls=1 -15 
* 1034
+2 3
cfn=(462)
calls=1 -17 
* 1079
+1 3
cfn=(462)
calls=1 -18 
* 1214
+1 3
cfn=(462)
calls=1 -19 
* 1349
+1 3
cfn=(462)
calls=1 -20 
* 1484
+1 3
cfn=(462)
calls=1 -21 
* 1641
+1 3
cfn=(462)
calls=1 -22 
* 1754
+1 3
cfn=(462)
calls=1 -23 
* 1889
+1 3
cfn=(462)
calls=1 -24 
* 2070
+1 3
cfn=(462)
calls=1 -25 
* 2297
+1 3
cfn=(462)
calls=1 -26 
* 2356
+2 3
cfn=(462)
calls=1 -28 
* 3446
+3 3
cfn=(462)
calls=1 -31 
* 2717
+1 3
cfn=(462)
calls=1 -32 
* 2806
+3 3
cfn=(462)
calls=1 -35 
* 3982
+1 3
cfn=(462)
calls=1 -36 
* 3101
+1 3
cfn=(462)
calls=1 -37 
* 3236
+1 3
cfn=(462)
calls=1 -38 
* 3391
+1 3
cfn=(462)
calls=1 -39 
* 4845
+3 3
cfn=(462)
calls=1 -42 
* 5175
+1 3
cfn=(462)
calls=1 -43 
* 47975
+1 3
cfn=(462)
calls=1 -44 
* 7202
+1 3
cfn=(462)
calls=1 -45 
* 5394
+3 3
cfn=(462)
calls=1 -48 
* 7406
+1 3
cfn=(462)
calls=1 -49 
* 5713
+1 3
cfn=(462)
calls=1 -50 
* 5863
+1 3
cfn=(462)
calls=1 -51 
* 5983
+2 3
cfn=(462)
calls=1 -53 
* 8268
+2 3
cfn=(462)
calls=1 -55 
* 8511
+1 3
cfn=(462)
calls=1 -56 
* 8644
+1 3
cfn=(462)
calls=1 -57 
* 8982
+1 6

fn=(632) la_car
251 24620
+1 30775
+1 24620
+5 12310

fn=(636) la_type
174 2692
+1 2019
+1 2692
+2 2692
+1 36
cfi=(110)
cfn=(440)
calls=12 71 
* 80933
* 12
+1 2644
+1 1755
cfi=(110)
cfn=(440)
calls=585 71 
* 4461918
* 585
+1 304
+2 304
+1 144
cfi=(110)
cfn=(440)
calls=48 71 
* 374929
* 48
+1 112
+2 112
+1 84
cfi=(110)
cfn=(440)
calls=28 71 
* 218625
* 28
+12 1346

fn=(642) la_eq
127 456
+1 342
+1 456
+1 912
+2 684
+1 114
+2 57
+2 228

fn=(664) la_divide
91 231
+1 99
+1 132
+1 264
+3 99
+1 99
+1 198
+1 198
cfi=(110)
cfn=(428)
calls=33 -64 
* 258930
+1 165

fn=(628) la_hashmap_init
295 4
+1 3
+1 4
+1 4
cfi=(110)
cfn=(630) obj_hashmap_init
calls=1 79 
* 2153
* 1
+4 2

fn=(646) la_maphash
332 4
+1 3
+1 4
+1 3
+1 2
+1 320
+1 32
+1 84
+1 84
+2 42
cfi=(110)
cfn=(460) cell_init
calls=21 44 
* 153029
* 21
+1 63
+1 42
cfi=(110)
cfn=(460)
calls=21 44 
* 153344
* 21
+1 63
+1 63
+8 105
cfi=(133)
cfn=(648) funcall2
calls=21 24 
* 34023316
+2 63
-18 265
-2 164
+23 1
+1 2

fn=(658) la_reverse_mut
276 372
+1 248
+1 248
+1 372
+2 124
+1 18588
+1 18588
+1 12392
+1 12392
-4 18960
+6 124
+1 248

fn=(660) la_lt
115 136
+1 102
+1 136
+1 272
+2 204
+1 68
+4 68

fn=(666) la_char_at
379 2496
+1 1872
+1 2496
+1 2496
+4 2496
+5 2496
+3 1872
cfi=(110)
cfn=(456)
calls=624 11 
* 7640
* 624
+1 1248
+1 39340
+1 48
-2 30476
+5 5400
cfi=(110)
cfn=(446)
calls=600 49 
* 4861900
+2 1248

fn=(668) la_char_int
404 1050
+1 450
+1 600
+3 750
cfi=(110)
cfn=(456)
calls=150 11 
* 1950
* 450
+1 900
cfi=(110)
cfn=(428)
calls=150 36 
* 1307923
+1 750

fn=(620) la_list
238 840
+1 210
+1 420
+1 210
+1 3168
cfi=(110)
cfn=(566)
calls=528 -34 
* 3903010
* 528
+1 1056

ob=(1)
fl=(50)
fn=(160)
152 4
+2 4
-1 4
-1 8
+1 4
-1 4
+2 12
+2 12
-3 4
+3 4
+2 8
+9 84

fn=(290) _dl_unload_cache
326 4
-1 1
+3 2
cfi=(44)
cfn=(292) munmap
calls=1 78 
* 5
+1 1
+2 2

fl=(33) /build/glibc-OTsEL5/glibc-2.27/string/../sysdeps/x86_64/strcspn.S
fn=(100) strcspn
30 1
+7 1
+1 1
+2 1
+1 1
+1 1
+1 1
+1 33
+3 2
+7 1
+1 1
+1 1
+1 1
+2 1
+1 1
+1 1
+1 1
+2 1
+1 1
+1 1
+9 3
+12 1
+2 1
+1 1
+1 1
-4 11
+2 11
+1 11
+1 11
+2 12
+1 12
+1 12
+2 12
+1 12
+1 12
+2 12
+1 12
+1 12
+2 1
+1 1
+1 1
+2 1
+7 1
+4 1

fl=(28)
fn=(76)
109 95
+2 19
+1 19
+1 8
+1 8
+2 4
+1 4
+2 4
+55 4
+1 4
+10 4
+1 4
+1 4
+1 4
+1 4
+1 4
+1 4
+1 4
+1 4
+1 4
+1 4
+1 4
+1 4
+1 4
+2 97
+1 97
+1 97
+1 97
+1 97
+1 97
+1 97
+1 4
+15 11
+1 11
+1 11
+1 6
+1 6
+1 2
+1 2
+24 5
+1 5
+2 5
+3 4
+1 4
+2 4
+3 2
+1 2
+2 2

fl=(42) /build/glibc-OTsEL5/glibc-2.27/misc/../sysdeps/unix/sysv/linux/mmap64.c
fn=(132) mmap
44 26
+3 13
-6 156
+6 13
+5 130
+2 91
-7 22

fl=(35) /build/glibc-OTsEL5/glibc-2.27/setjmp/../sysdeps/x86_64/setjmp.S
fn=(110) __sigsetjmp
26 7
+9 7
+1 14
+1 7
+4 7
+1 7
+1 7
+1 7
+1 7
+2 14
+2 7
+1 7
+1 7
+2 14
+2 7
+4 7
+1 7

fl=(25) /build/glibc-OTsEL5/glibc-2.27/elf/dl-hwcaps.c
fn=(68) _dl_important_hwcaps
42 4
+1 1
-1 8
+1 4
-1 1
+1 1
cfi=(9)
cfn=(26)
calls=1 373 
* 18
* 1
+3 3
-3 1
+12 6
+1 3
+1 1
-2 1
+2 1
-2 5
+1 3
+1 1
-2 1
+2 1
-2 5
+10 3
fi=(26)
-37 4
fe=(25)
131 4
-2 1
+17 6
+3 2
329 9
69 3
+77 1
+20 1
-19 1
+36 10
+1 3
-1 2
+1 3
fi=(27) /build/glibc-OTsEL5/glibc-2.27/elf/../sysdeps/x86/dl-hwcap.h
57 6
fe=(25)
186 1
+1 1
cfi=(13)
cfn=(28)
calls=1 79 
* 16
+1 1
-1 1
+1 3
-5 1
+5 1
-5 1
+5 2
-5 5
+8 3
+2 1
+1 6
+4 1
+4 1
-3 1
-1 1
+4 2
+3 4
+4 3
+1 1
-1 5
+1 3
+2 3
+2 2
-1 1
+1 1
-1 1
+2 2
+7 2
+6 11
+1 4
cfi=(19)
cfn=(46)
calls=1 50 
* 18
* 1
+1 1
-1 1
+1 3
+29 13
+3 4
+7 1
+10 12
-4 2
-3 1
+3 1
cfi=(20)
cfn=(74)
calls=1 116 
* 16
* 2
-3 1
+3 1
cfi=(20)
cfn=(74)
calls=1 116 
* 16
* 6
+3 7
+1 12
+1 4
cfi=(20)
cfn=(74)
calls=1 116 
* 14
-2 1
+2 2
-2 1
+5 6
cfi=(20)
cfn=(74)
calls=2 116 
* 28
+2 2
-2 4
+2 5
-7 3
+12 1
+1 2
-1 9
+1 14
-1 18
+5 10
+4 3
-4 12
+4 33
+1 12
-1 12
+1 24
-2 12
+1 24
-1 39
+4 6
+5 1
-2 1
+2 1
-1 1
-1 2
+2 1
-1 1
+1 4
+2 6
+1 2
+3 2
-6 5
+13 8
+1 1
-1 2
+3 2
-3 3
+1 3
-1 6
+3 6
+3 3
+2 2
-15 2
-6 3
-42 2

fl=(46) /build/glibc-OTsEL5/glibc-2.27/io/../sysdeps/unix/sysv/linux/close.c
fn=(142) close
27 20
+1 5

fl=(47) /build/glibc-OTsEL5/glibc-2.27/io/../sysdeps/unix/sysv/linux/access.c
fn=(144) access
27 7
+4 1

fl=(21)
fn=(56)
144 960
+1 960
+2 960
+1 960
+21 960
+1 960
+1 799
+1 799
+1 270
+1 270
+1 270
+1 270
+21 270
+1 270
+1 270
+1 270
+1 270
+1 270
+1 270
+5 29
+1 29
+9 29
+1 29
+1 29
+1 29
+1 29
+1 29
+1 29
+1 29
-7 690
+1 690
+1 690
+1 690
+1 690
+1 690
+1 690
+1 690
+1 630
+1 579
+1 579
+1 579
+2 579
+1 579
+1 579
+1 579
+1 579
+1 579
-5 51
+1 51
+1 51
+1 51
+1 51
+1 51
+10 89
+1 89
+1 89
+2 89
+6 89
+1 89
+1 89
+1 89
+1 89
+5 89
+2 64
+1 64
+1 128
+8 64
+1 64
+3 64
+1 64
+1 64
+1 64
+1 64
+1 64
+31 1
+1 1
+1 1
+1 1
+1 1
+2 1
+1 1
+1 1
+1 1
+1 1
+1 1
+1 1
+1 1
+3 1
+1 1
+1 1
+6 1
+1 1
+1 2
+4 1
+1 1
+3 1
+1 1
+1 1
+3 1
+1 1
+1 1
+6 1
+1 1
+1 1
+1 1
+1 1
+1 1
571 331
+1 331
+1 331
+1 331
+1 331
+2 331
+1 331
+1 331
+1 331
+1 331
+1 331
+1 331
+1 59
+4 59
+1 59
+1 59
+6 59
+1 59
+1 118
+4 59
+1 59
+3 59
+1 59
+1 59
+3 59
+1 59
+1 59
+6 59
+1 59
+1 59
+1 59
+1 59
+1 59
+72 6
+1 6
+1 6
+1 6
+1 6
+2 6
+1 6
+1 6
+1 6
+1 6
+1 6
+1 6
+1 4
+4 4
+1 4
+1 4
+6 4
+1 4
+1 8
+4 4
+1 4
+3 4
+1 4
+1 4
+3 4
+1 4
+1 4
+6 4
+1 4
+1 4
+1 4
+1 4
+1 4
+72 1
+1 1
+1 1
+1 1
+1 1
+2 1
+1 1
+1 1
+1 1
+1 1
+1 1
+1 1
+1 1
+4 1
+1 1
+1 1
+6 1
+1 1
+1 2
+4 1
+1 1
+3 1
+1 1
+1 1
+3 1
+1 1
+1 1
+6 1
+1 1
+1 1
+1 1
+1 1
+1 1
+72 5
+1 5
+1 5
+1 5
+1 5
+2 5
+1 5
+1 5
+1 5
+1 5
+1 5
+1 5
+1 3
+4 3
+1 3
+1 3
+6 3
+1 3
+1 6
+4 3
+1 3
+3 3
+1 3
+1 3
+3 3
+1 3
+1 3
+6 3
+1 3
+1 3
+1 3
+1 3
+1 3
+72 4
+1 4
+1 4
+1 4
+1 4
+2 4
+1 4
+1 4
+1 4
+1 4
+1 4
+1 4
+1 1
+4 1
+1 1
+1 1
+6 1
+1 1
+1 2
+4 1
+1 1
+3 1
+1 1
+1 1
+3 1
+1 1
+1 1
+6 1
+1 1
+1 1
+1 1
+1 1
+1 1
+72 32
+1 32
+1 32
+1 32
+1 32
+2 32
+1 32
+1 32
+1 32
+1 32
+1 32
+1 32
+1 29
+4 29
+1 29
+1 29
+6 29
+1 29
+1 58
+4 29
+1 29
+3 29
+1 29
+1 29
+3 29
+1 29
+1 29
+6 29
+1 29
+1 29
+1 29
+1 29
+1 29
+7 4
+1 4
+2 4
+1 4
+2 4
+1 4
+1 4
+3 4
+1 4
+1 4
+6 4
+1 4
+1 4
+1 4
+1 4
+1 4
+41 10
+1 10
+1 10
+1 10
+1 10
+2 10
+1 10
+1 10
+1 10
+1 10
+1 10
+1 10
+1 3
+4 3
+1 3
+1 3
+6 3
+1 3
+1 6
+4 3
+1 3
+3 3
+1 3
+1 3
+3 3
+1 3
+1 3
+6 3
+1 3
+1 3
+1 3
+1 3
+1 3
+72 7
+1 7
+1 7
+1 7
+1 7
+2 7
+1 7
+1 7
+1 7
+1 7
+1 7
+1 7
+1 5
+4 5
+1 5
+1 5
+6 5
+1 5
+1 10
+4 5
+1 5
+3 5
+1 5
+1 5
+3 5
+1 5
+1 5
+6 5
+1 5
+1 5
+1 5
+1 5
+1 5
+72 53
+1 53
+1 53
+1 53
+1 53
+2 53
+1 53
+1 53
+1 53
+1 53
+1 53
+1 53
+1 51
+4 51
+1 51
+1 51
+6 51
+1 51
+1 102
+4 51
+1 51
+3 51
+1 51
+1 51
+3 51
+1 51
+1 51
+6 51
+1 51
+1 51
+1 51
+1 51
+1 51
+72 3
+1 3
+1 3
+1 3
+1 3
+2 3
+1 3
+1 3
+1 3
+1 3
+1 3
+1 3
+1 2
+4 2
+1 2
+1 2
+6 2
+1 2
+1 4
+4 2
+1 2
+3 2
+1 2
+1 2
+3 2
+1 2
+1 2
+6 2
+1 2
+1 2
+1 2
+1 2
+1 2
+7 1
+1 1
+2 1
+1 1
+2 1
+1 1
+1 1
+3 1
+1 1
+1 1
+6 1
+1 1
+1 1
+1 1
+1 1
+1 1
+41 11
+1 11
+1 11
+1 11
+1 11
+2 11
+1 11
+1 11
+1 11
+1 11
+1 11
+1 11
+1 7
+4 7
+1 7
+1 7
+6 7
+1 7
+1 14
+4 7
+1 7
+3 7
+1 7
+1 7
+3 7
+1 7
+1 7
+6 7
+1 7
+1 7
+1 7
+1 7
+1 7
+72 150
+1 150
+1 150
+1 150
+1 150
+2 150
+1 150
+1 150
+1 150
+1 150
+1 150
+1 150
+1 3
+4 3
+1 3
+1 3
+6 3
+1 3
+1 6
+4 3
+1 3
+3 3
+1 3
+1 3
+3 3
+1 3
+1 3
+6 3
+1 3
+1 3
+1 3
+1 3
+1 3
+72 16
+1 16
+1 16
+1 16
+1 16
+2 16
+1 16
+1 16
+1 16
+1 16
+1 16
+1 16
+2 6
+4 6
+1 6
+1 6
+6 6
+1 6
+2 12
+4 6
+1 6
+3 6
+1 6
+1 6
+3 6
+1 6
+1 6
+6 6
+1 6
+1 6
+1 6
+1 6
+1 6
+74 239
+2 239
+1 239
+1 239
+1 239
-3 480
+1 480
+1 480
+1 480
+1 1737
+5 579
+6 579
+1 579
+8 579
+1 579
-16 381
+6 381
+1 381
+8 381
+1 381

fl=(29) /build/glibc-OTsEL5/glibc-2.27/string/../sysdeps/x86_64/multiarch/../strchr.S
fn=(84) index
24 12
+1 12
+1 12
+1 12
+1 12
+1 12
+1 12
+1 12
+1 12
+1 12
+1 12
+1 12
+1 12
+1 12
+1 12
+1 12
+1 12
+1 8
+4 8
+1 8
+1 8
+1 8
+2 8
+4 4
+1 4
+1 4
+1 4
+1 4
+1 4
+1 4
+1 4
+1 4
+1 4
+1 4
+1 4
+1 4
+1 4
+1 4
+1 4
+1 4
+1 4
+1 4
+1 4
+1 4
+1 4
+1 4
+1 4
+52 4
+4 4
+1 4
+1 4
+1 4
+2 4

fl=(11)
fn=(62) _dl_discover_osversion
45 4
+2 3
+85 5
-45 3
cfi=(23) /build/glibc-OTsEL5/glibc-2.27/posix/../sysdeps/unix/syscall-template.S
cfn=(64) uname
calls=1 -9 
* 5
* 1
+15 1
-15 1
+20 1
-1 1
+3 12
+4 3
-2 6
+2 10
+2 1
+1 2
-3 4
+7 3
-1 3
+4 3
-2 3
+2 10
+5 2

fl=(1) ???
fn=(0) 0x0000000000001090
0 2
cfi=(2)
cfn=(2) _dl_start
calls=1 444 
0 447973
0 14
cfi=(80) /build/glibc-OTsEL5/glibc-2.27/elf/dl-init.c
cfn=(296) _dl_init
calls=1 79 
0 2315
0 3
cob=(7)
cfi=(92)
cfn=(352)
calls=1 0 
0 2321837239

fl=(19)
fn=(46)
50 127
+11 62
+3 31
-3 31
+3 62
-3 2
+3 1
-3 1
+3 122
-15 6
+20 8
+1 4
+2 2
+1 16
cfi=(42)
cfn=(132)
calls=2 -29 
* 70
+2 4
+2 6
+2 2
+3 2
-3 4
+4 2
+2 10
-2 30
-1 30
+3 60
-29 1
-1 1
+1 1
+1 2
-2 4

fn=(80) strsep
265 4
+2 2
+1 4
+4 33
+7 84
-2 56
+13 1
+4 2
-7 14
-15 44

fn=(90) free
111 4

fn=(42)
92 12
+8 12
-1 24
-3 12
+4 24
+3 12
cfn=(46)
calls=12 -53 
* 282
* 12

fl=(36)
fn=(116)
282 1590
+1 636
cfi=(21)
cfn=(56)
calls=318 144 
* 13910
* 318
+1 318
-1 318
+3 318
+2 636
+6 310
+1 1550
-3 318
-4 636
+1 978
cfi=(21)
cfn=(56)
calls=326 144 
* 15531
* 652
+6 8
-11 8
+11 32

fn=(156)
44 2
+3 1
-3 3
+3 1
-3 3
+3 1
cfi=(37)
cfn=(120)
calls=1 -8 
* 16
+1 2
+2 5
cfi=(41) /build/glibc-OTsEL5/glibc-2.27/io/../sysdeps/unix/sysv/linux/wordsize-64/fxstat.c
cfn=(130) _fxstat
calls=1 -16 
* 10
* 2
+2 1
+3 1
-3 1
+3 1
+13 2
cfi=(46)
cfn=(142)
calls=1 -41 
* 5
+3 7
-14 6
cfi=(42)
cfn=(132)
calls=1 -13 
* 35
* 2

fl=(23)
fn=(64)
78 4
+1 1

fl=(34) /build/glibc-OTsEL5/glibc-2.27/elf/dl-error-skeleton.c
fn=(108) _dl_catch_exception
175 14
+15 7
-3 14
+4 7
-3 7
-13 7
+19 7
-3 7
+3 7
-19 7
+13 7
+2 7
+4 7
cfi=(35)
cfn=(110)
calls=7 26 
* 140
* 21
+2 21
cfi=(48) /build/glibc-OTsEL5/glibc-2.27/elf/dl-deps.c
cfn=(148) openaux
calls=6 60 
* 16540
cfi=(2)
cfn=(112) map_doit
calls=1 588 
* 2127
+2 7
-1 7
+1 14
-1 7
+1 7
+9 28

fn=(104) _dl_catch_error
213 6
+2 2
-2 1
+2 2
cfn=(108)
calls=1 -40 
* 2178
* 1
+1 2
+1 1
+1 1
-1 1
+1 1
+2 5

fn=(166) _dl_receive_error
226 3
+1 1
+1 1
+3 1
+1 1
+2 2
cfi=(2)
cfn=(168) version_check_doit
calls=1 621 
* 8287
+2 1
+1 1
+1 4

fl=(44)
fn=(136)
78 40
+1 10

fn=(292)
78 4
+1 1

fl=(9)
fn=(16)
289 8
-9 3
150 4
-82 185
+6 60
-3 60
+3 5340
+4 120
+5 60
297 60
83 60
297 60
fi=(10) /build/glibc-OTsEL5/glibc-2.27/elf/dl-tunables.h
121 120
-1 60
+1 24
-1 8
+1 32
-1 40
fe=(9)
330 240
-12 6600
fi=(10)
120 2160
+1 2283
-1 162
fe=(9)
312 5340
68 120
364 8

fn=(26)
373 114
+4 19
-4 74
+9 3
+1 3
-6 16
+22 95
+2 19

fl=(48)
fn=(146) _dl_map_object_deps
159 1
-1 1
+1 1
-1 5
+1 1
-1 2
+1 1
-1 2
+1 1
-1 1
+1 1
-8 1
+8 2
-8 1
-6 1
+14 1
-8 1
+24 1
-32 1
+1 1
+1 1
+6 1
+24 2
-28 2
-2 1
+31 1
-33 3
+2 2
-1 1
+1 2
+6 3
+24 1
-24 1
+24 7
+4 1
+19 1
+2 2
-14 1
-1 1
+13 5
+11 1
+4 4
-4 5
+4 20
+12 18
+2 4
+8 4
-8 4
+6 4
-6 4
+6 4
+1 4
+4 4
-3 4
-3 4
+2 4
+4 16
+66 4
-98 4
+98 4
-66 8
+7 30
cfi=(29)
cfn=(84)
calls=6 24 
* 186
* 12
+4 18
-2 6
+2 6
cfi=(34)
cfn=(108)
calls=6 -74 
* 16846
* 6
+1 12
+9 6
+2 12
+5 4
+6 4
+2 4
-8 8
+3 4
+1 4
+1 4
+1 4
+4 20
+4 12
+1 12
-43 420
+1 210
+44 297
434 8
+2 12
+3 8
-1 4
cfi=(19)
cfn=(46)
calls=4 50 
* 72
* 4
+2 4
-2 4
+2 4
+3 4
+1 16
-1 4
+1 4
cfi=(20)
cfn=(48)
calls=4 129 
* 40
+1 20
cfi=(20)
cfn=(48)
calls=4 129 
* 40
+4 4
-1 4
+5 44
+7 6
+4 4
+11 3
-1 1
cfi=(19)
cfn=(46)
calls=1 50 
* 18
* 1
+3 1
-3 1
+3 4
+5 1
+1 1
-1 1
+3 2
-3 4
+9 2
+4 3
-10 3
-3 5
+9 10
+4 15
-10 15
+13 2
+51 2
+2 1
-1 1
+1 2
+35 7
cfi=(20)
cfn=(48)
calls=1 129 
* 18
+4 5
cfi=(52)
cfn=(164)
calls=1 28 
* 600
+3 1
+3 1
-1 1
+2 4
+7 3
+3 2
+3 8
225 8
-19 2
434 5
+27 2
214 39
+2 4
+2 16
+2 39
456 15
-1 6
+1 14
199 3
573 10

fn=(148)
60 12
+7 6
-4 18
+1 6
-1 6
+1 6
-1 30
cfi=(24) /build/glibc-OTsEL5/glibc-2.27/elf/dl-load.c
cfn=(114) _dl_map_object
calls=6 2080 
* 16438
* 6
+5 12

fl=(80)
fn=(296)
79 11
+5 1
-4 1
+1 1
+3 2
+8 2
+25 2
+1 12
+1 18
-89 18
+9 5
-3 10
+3 15
+5 12
+5 6
+9 18
cob=(2)
cfi=(18)
cfn=(340) 0x0000000004c3f1e8
calls=1 -58 
* 6
cob=(2)
cfi=(18)
cfn=(330) 0x0000000005272630
calls=1 -58 
* 6
cob=(3)
cfi=(82) /build/glibc-OTsEL5/glibc-2.27/csu/../csu/init-first.c
cfn=(308) _init
calls=1 -6 
* 201
* 3
+4 6
+6 6
+2 6
-2 3
+3 3
-1 3
+1 15
+1 12
cob=(6)
cfi=(91)
cfn=(344)
calls=1 -72 
* 17
cob=(5)
cfi=(90)
cfn=(334) 0x000000000000caf0
calls=1 -72 
* 17
cob=(3)
cfi=(88) /build/glibc-OTsEL5/glibc-2.27/string/../sysdeps/x86/cacheinfo.c
cfn=(322) init_cacheinfo
calls=1 488 
* 1773
* 3
-1 6
+47 9
+7 8
-80 3
-5 3
-10 3
+57 2
-48 1
-3 2
+3 3
+5 3
+5 2
+9 7
cob=(2)
cfi=(18)
cfn=(298) 0x0000000004a2a520
calls=1 -58 
* 6
* 1
+3 1
+1 2
+6 1
+2 2
-2 2
+3 8
+1 4
cob=(4)
cfi=(81)
cfn=(302) 0x0000000000000640
calls=1 -72 
* 17
-1 5

fl=(41)
fn=(130)
34 5
-1 5
+1 5
+1 30
+4 5

fl=(12)
fn=(22)
31 7
+8 1
-6 2
+7 1

fl=(106) /build/glibc-OTsEL5/glibc-2.27/elf/dl-open.c
fn=(406) _dl_find_dso_for_object
176 5
+4 6
+1 4
+1 16
+1 2
-2 9
+5 2
+4 7

fl=(13)
fn=(28)
79 24
+1 24
+1 24
+1 24
+1 24
+1 24
+1 24
+2 24
+2 24
+31 24
+1 24
+1 24
+1 24
+1 24
+1 10
+2 10
+4 14
+1 14
+1 14
+1 14
+1 14
+1 14
+1 14
+1 14
+1 14
+1 14
+1 14
+1 14
+5 112

fl=(2)
fn=(174) init_tls
687 1
-6 1
+2 2
+4 1
+10 4
cfi=(19)
cfn=(42)
calls=1 92 
* 27
* 1
+11 1
-15 1
+3 1
+6 1
+2 1
-11 1
+15 1
+2 1
-1 1
+1 21
+2 12
+4 1
+2 1
-2 1
-5 12
+9 2
+3 1
cfi=(32)
cfn=(176)
calls=1 141 
* 66
+7 1
cfi=(32)
cfn=(178)
calls=1 332 
* 437
+1 1
-1 1
+1 1
+6 1
+3 1
-3 1
+3 6
+3 1
+2 1
+1 3

fn=(52)
784 7
+1 7

fn=(168)
621 2
+2 4
cfi=(53)
cfn=(170)
calls=1 362 
* 8277
* 2
+4 2

fn=(54)
790 7
+1 7

fn=(2)
444 9
+19 4
fi=(3) /build/glibc-OTsEL5/glibc-2.27/elf/get-dynamic-info.h
48 1
fe=(2)
463 1
fi=(5)
59 3
fi=(3)
-11 1
fe=(2)
489 1
-3 1
fi=(3)
48 1
+25 2
-3 1
-7 1
+5 1
+3 1
+2 1
-6 1
+3 1
-3 2
-3 16
+10 4
-26 12
+16 13
+10 13
-26 39
+26 1
-26 3
+2 36
+13 20
+2 4
+16 2
+20 4
+1 4
+1 4
+1 4
+2 4
+5 4
+1 4
+1 4
+6 3
+5 2
+7 3
+1 3
+8 3
+3 3
+4 2
+1 2
fe=(2)
500 2
393 1
507 1
393 1
cfi=(6)
cfn=(10)
calls=1 939 
* 23
+1 2
+1 2
+1 2
+1 2
+8 1
+9 1
-9 3
+9 1
-6 1
-3 1
+9 1
cfi=(7)
cfn=(12)
calls=1 88 
* 446941
* 1
+9 4
+3 1
+4 1
-4 1
+4 1
532 9
-27 27
fi=(4)
84 1
+27 1
-28 1
+28 2
+1 2
fi=(5)
540 2
fi=(4)
112 76
fi=(5)
540 76
+1 39
fi=(4)
111 39
fi=(5)
541 39
fi=(4)
111 39
fi=(5)
541 39
fi=(4)
111 39
+5 2
+8 1
fi=(5)
335 1
+87 1
fi=(4)
124 2
+12 1
+3 1
-3 1
+3 1
-3 1
fi=(5)
301 1
fi=(4)
137 1
fi=(5)
301 1
fi=(4)
137 1
fi=(5)
301 1
fi=(4)
136 8
+3 8
-3 8
+3 8
-3 8
fi=(5)
301 8
fi=(4)
137 8
fi=(5)
301 8
fi=(4)
137 8
fi=(5)
301 8
+9 27
+3 9
-3 18
+3 27
+22 54
fi=(3)
68 4
fi=(4)
+56 28
fi=(5)
354 27
fi=(3)
71 4
+1 1
+1 2
fe=(2)

fn=(32)
870 1
+17 1
-17 10
+17 1
+4 1
-21 1
2471 1
891 1
+1 1
2466 1
892 1
+5 1
2471 1
897 1
2464 2
+7 3
-4 1
+4 3
+2 2
cfi=(15)
cfn=(34)
calls=1 29 
* 58
* 4
cfi=(15)
cfn=(34)
calls=2 29 
* 334
* 9
+4 6
-2 2
+2 42
+1 19
-1 57
+3 4
+6 14
+76 3
+1 4
cfi=(16)
cfn=(36)
calls=1 24 
* 31
* 2
-56 2
+7 4
cfi=(16)
cfn=(36)
calls=1 24 
* 36
* 2
+2 3
2635 3
+32 3
907 3
1108 7
cfi=(17)
cfn=(38)
calls=1 59 
* 230
+2 1
-2 1
+2 1
+1 1
+1 1
+5 2
-5 1
+1 2
+4 1
cfi=(17)
cfn=(50)
calls=1 31 
* 33
+1 2
879 1
1147 1
-3 1
-5 1
+1 1
+2 1
+5 5
+56 2
876 1
1166 1
+22 1
+15 2
-55 24
-1 27
+1 47
1250 3
+3 2
+2 2
+2 3
+13 3
+3 2
-2 1
+2 1
-2 3
cfi=(21)
cfn=(56)
calls=1 144 
* 50
* 2
+7 1
+3 1
-5 1
+3 1
-3 1
+5 1
+1 2
+4 2
+2 2
fi=(3)
33 1
+9 2
+6 1
-2 1
+2 2
+15 1
+5 1
+3 1
+2 1
-3 1
-3 1
-3 1
-14 54
+13 24
+1 20
+10 5
-26 15
+16 21
+10 21
-26 63
+26 1
-26 3
+33 3
+20 3
+1 4
+1 4
+1 4
+2 4
+5 4
+1 4
+1 4
+6 3
+5 2
+7 2
+1 3
+18 3
+5 1
+2 1
-2 1
+2 1
+2 2
+2 2
+1 1
+2 3
+10 1
-8 3
+8 1
+5 2
+1 2
+2 2
fe=(2)
1293 2
cfi=(6)
cfn=(10)
calls=1 939 
* 23
+3 2
fi=(22) /build/glibc-OTsEL5/glibc-2.27/elf/setup-vdso.h
24 2
fe=(2)
1318 1
cfi=(11)
cfn=(62)
calls=1 45 
* 87
* 9
-6 5
1167 2
+9 1
-7 1
-3 1
+10 1
+18 2
-37 3
+1 1
-6 3
+1 1
fi=(3)
65 4
+3 4
fe=(2)
1203 2
-1 2
+1 4
-1 2
+2 4
+1 1
+3 2
+1 2
-1 2
+1 2
+1 2
+1 6
+1 2
+31 2
+1 2
+1 1
-6 2
+1 1
fi=(3)
71 4
+1 1
+1 3
fe=(2)
1323 2
cfi=(24)
cfn=(66) _dl_init_paths
calls=1 623 
* 1740
+3 3
cfi=(31)
cfn=(92)
calls=1 49 
* 17
+7 1
-7 1
+2 1
+5 1
+3 3
+1 1
+3 1
-3 3
+1 2
+3 1
+5 1
-7 1
+7 1
+1 5
+17 2
+1 2
+5 1
-3 3
+2 1
+1 2
+5 2
+1 5
-1 2
+3 2
+1 2
+5 2
+6 4
+1 1
-2 1
885 1
1391 1
1570 1
cfi=(32)
cfn=(94)
calls=1 113 
* 4
* 1
+8 3
+3 2
+4 3
+5 2
+1 1
cfi=(31)
cfn=(96)
calls=1 74 
* 1
+1 1
+4 2
+15 3
+4 1
-2 1
+2 2
+2 3
+1 1
-1 2
+1 1
cfn=(98) handle_ld_preload
calls=1 837 
* 2506
* 1
+1 4
+2 2
+10 3
cfi=(47)
cfn=(144)
calls=1 27 
* 8
* 2
+77 1
-96 1
+96 3
+17 3
+1 1
-1 1
+1 2
-1 1
+1 5
cfi=(48)
cfn=(146)
calls=1 159 
* 19563
+1 4
+5 1
-3 2
+3 2
+1 7
-1 2
+1 15
-1 10
+4 3
+1 3
+1 1
+2 2
+1 5
-1 6
+1 12
-1 12
+47 2
+2 2
-1 1
-1 2
+2 4
cfi=(34)
cfn=(166)
calls=1 226 
* 8302
+10 1
+1 1
-1 1
+1 1
+1 1
cfn=(174)
calls=1 687 
* 618
* 1
+2 2
799 1
fi=(142) /build/glibc-OTsEL5/glibc-2.27/elf/../sysdeps/unix/sysv/linux/dl-osinfo.h
64 2
fe=(2)
801 1
fi=(142)
77 1
fe=(2)
810 1
+7 1
-5 1
1808 2
2038 3
2161 3
+7 1
+2 3
+1 1
-1 2
+2 14
+2 6
-2 12
+2 6
+5 12
+2 12
+6 6
+2 12
+1 40
cfi=(54)
cfn=(180)
calls=5 148 
* 381065
+4 14
+1 2
cfi=(32)
cfn=(278)
calls=1 887 
* 20
* 1
-12 1
+1 1
-3 2
+29 4
+2 1
+7 3
cfi=(32)
cfn=(286)
calls=1 437 
* 149
+3 2
-25 4
+2 2
+6 1
-6 1
+6 1
+26 3
+2 4
+15 1
+2 1
-2 2
+3 1
-3 1
+3 1
-3 1
+3 3
cfi=(54)
cfn=(180)
calls=1 148 
* 6722
+1 4
+2 2
+8 1
cfi=(7)
cfn=(288)
calls=1 260 
* 1
+4 2
+20 3
cfi=(31)
cfn=(92)
calls=1 49 
* 8
+1 1
-1 1
+2 1
cfi=(31)
cfn=(96)
calls=1 74 
* 1
+1 1
+4 1
cfi=(50)
cfn=(290)
calls=1 326 
* 15
+5 8
2094 1
+13 1
-9 1
-4 1
+10 1
-6 1
+6 1
+3 1
1753 1
+1 1
-1 2
+1 1
+2 1
+2 3
+2 1
-4 1
+4 2
+14 4
+1 2
+1 3
-64 5
+1 1
-1 3
+4 3
+1 1
+1 2
+1 2
+32 2
2565 3

fn=(98)
837 8
+1 1
-1 1
-75 1
+86 1
-86 4
+80 2
+3 3
cfi=(33)
cfn=(100)
calls=1 30 
* 218
* 1
+1 3
+9 1
121 1
857 2
121 2
859 2
-97 5
-10 1
+4 1
+1 1
+1 1
+2 1
+2 1
cfi=(34)
cfn=(104)
calls=1 213 
* 2201
* 1
+1 3
+8 4
+71 2
+21 9
-15 4
cfi=(20)
cfn=(48)
calls=1 129 
* 18
+1 2

fn=(112)
588 1
+2 1
-2 1
+3 2
-1 3
+1 3
cfi=(24)
cfn=(114)
calls=1 2080 
* 2113
* 1
+2 2

fl=(14)
fn=(30)
32 4
+8 6
+4 2
+16 5

fl=(8)
fn=(24)
34 2
+4 4
+3 3
+4 1
-4 1
+4 1
-4 1
+3 1
+1 2
+1 4
+1 4
+1 3
+1 2
+7 2
+1 7
+7 3
+4 2
+2 4
+40 2
+4 4
+1 2
+3 1
+7 1
-8 1
+4 1
+2 1
-2 1
+4 2
+3 2
+50 3
74 2
+3 3
+3 1
-3 1
+3 1
+2 3
+2 2
+7 3
-5 3

fl=(24)
fn=(150) open_path
1932 24
+1 3
+6 3
-6 3
+6 3
+5 33
-7 3
-1 3
+8 21
+3 9
+9 12
+7 9
+1 3
-13 9
+12 3
cfi=(20)
cfn=(74)
calls=3 116 
* 36
* 3
+55 6
-22 18
-32 6
+32 30
-32 20
+3 48
+4 60
cfi=(20)
cfn=(74)
calls=10 116 
* 127
* 40
cfi=(20)
cfn=(74)
calls=10 116 
* 120
+3 20
+3 30
+3 90
cfn=(118) open_verify.constprop.7
calls=10 1598 
* 550
* 10
+2 50
+2 16
+89 27
-45 28
-64 28
+85 21
+7 3
-2 3
+2 9
+3 9
-13 6
-38 8
+2 4
-46 4
+25 16
+1 64
+6 16
+2 16
-2 16
+2 16
cfi=(49)
cfn=(152)
calls=8 34 
* 101
* 8
+3 8
-3 8
+1 1
+2 1
-2 1
+2 7
-37 2
+37 7
-37 14

fn=(114)
2080 49
+8 7
-8 14
+8 7
+1 28
+3 56

ob=(7)
fl=(111)
fn=(620)
244 420
+2 630
-5 630
+5 954
-5 1584
+7 210
+1 420

fn=(634) la_cdr
260 24784
+1 30980
+1 24784
+5 12392

fn=(672) la_write_bytes
466 7
+1 3
+1 4
+1 4
+3 3
cfi=(110)
cfn=(456)
calls=1 11 
* 13
* 3
cob=(3)
cfi=(116)
cfn=(484)
calls=1 88 
* 392
* 1
* 1
+1 2
+1 1
+1 1400
+3 1120
+1 1960
cob=(3)
cfi=(134) /build/glibc-OTsEL5/glibc-2.27/libio/iofwrite.c
cfn=(676) fwrite
calls=280 31 
* 77375
* 280
+1 840
-6 843
+8 2
+4 5

fn=(640) la_hashmap_set
321 168
+1 126
+1 168
+3 168
+1 210
+1 294
cfi=(110)
cfn=(452) hashmap_set
calls=42 440 
* 262086
+1 42
+1 84

fn=(654) la_sum
33 3451
+1 493
+1 493
+1 2958
+1 3944
+1 3944
+4 2958
-7 4437
+9 1972
+1 2958
cfi=(110)
cfn=(428)
calls=493 -9 
* 3845843
+1 2465

fn=(644) la_diff
48 546
+2 234
+1 312
+1 234
+5 468
+4 234
+1 78
+1 234
+1 312
+1 312
+4 234
-7 468
+9 312
+1 468
cfi=(110)
cfn=(428)
calls=78 -36 
* 584286
+2 390

fn=(650) la_hashmap_get
304 168
+1 126
+1 168
+1 252
cfi=(110)
cfn=(604) hashmap_get
calls=42 477 
* 38459
* 42
+2 84
cfi=(110)
cfn=(460)
calls=42 44 
* 316524
* 42
+1 84
cfi=(110)
cfn=(460)
calls=42 44 
* 317154
* 126
+1 84
+4 126
+1 168
+2 42
+1 84

fn=(462)
488 256
+1 128
+1 192
cfi=(110)
cfn=(428)
calls=32 36 
* 32230
* 32
+2 128
cfi=(110)
cfn=(440)
calls=32 71 
* 36188
* 32
+1 192
cfi=(110)
cfn=(464)
calls=32 +93 
* 102108
+1 192

fn=(652) la_cons
269 24868
+1 12434
cfi=(110)
cfn=(460)
calls=6217 44 
* 51341314
* 6217
+1 24868
+1 31085
+1 6217
+1 12434

fn=(662) la_modulo
103 231
+1 99
+1 132
+1 264
+3 99
+1 99
+1 231
+1 198
cfi=(110)
cfn=(428)
calls=33 -76 
* 256425
+1 165

fn=(638) la_equal
147 2925
+1 1755
+1 2340
+2 1755
+4 3510
+4 585
+1 7020
+1 1755
cfi=(110)
cfn=(456)
calls=585 11 
* 7605
* 2340
cfi=(110)
cfn=(456)
calls=585 11 
* 7605
* 1755
cob=(3)
cfi=(114)
cfn=(470)
calls=585 -17 
* 15062
* 585
* 2925
+10 2032
+1 2340

fl=(98) /home/david/Lateral/src/lateral.c
fn=(378) main
13 8
+1 2
cfi=(99)
cfn=(380)
calls=1 +12 
* 99746
+3 2
+1 6
cfi=(110)
cfn=(428)
calls=1 +18 
* 65
* 1
+1 3
+1 3
+2 2
cfi=(110)
cfn=(432) envir_init
calls=1 569 
* 1866
* 1
+1 2
+1 2
cfi=(111)
cfn=(436)
calls=1 496 
* 172929
+2 2
cfi=(115)
cfn=(480)
calls=1 243 
* 46927760
+1 2
+1 5
cfi=(115)
cfn=(480)
calls=1 243 
* 2274632543
+1 2
+2 2
cob=(3)
cfi=(135) /build/glibc-OTsEL5/glibc-2.27/stdlib/exit.c
cfn=(694) exit
calls=1 139 
* 2069
* 1

fl=(133)
fn=(622) envir_pop2
102 26025
+1 26025
+1 17350
+1 26025
cfi=(110)
cfn=(624) envir_free
calls=8675 581 
* 2662971
+1 17350
+1 26025

fn=(618) eval_ast
136 8610
+1 5740
+1 3030
cfi=(110)
cfn=(600) envir_search
calls=606 599 
* 512832
* 606
+1 1212
+4 1212
+1 3316
+1 828
+1 1656
+1 828
+1 13368
cfn=(595) evaluate'2
calls=2228 +27 
* 2200125025
* 2228
+1 8912
+4 11140
cfi=(110)
cfn=(566)
calls=2228 +55 
* 15139995
* 2228
+1 4456
+1 1656
+2 2484
-10 2484
+10 4200
-10 6684
+12 1656
+1 4
+11 1
+2 5740

fn=(619) eval_ast'2
136 600042
+1 400028
+1 345140
cfi=(110)
cfn=(600)
calls=69028 599 
* 537344310
* 69028
+1 138056
+4 138056
+1 123916
+1 29588
+1 59176
+1 29588
+1 483840
cfn=(595)
calls=80640 +27 
* 5751530918
* 80640
+1 322560
+4 403200
cfi=(110)
cfn=(566)
calls=80640 +55 
* 661180980
* 80640
+1 161280
+1 59176
+2 88764
-10 88764
+10 153156
-10 241920
+12 59176
+1 5564
+11 1391
+2 400028

fn=(598) is_macro
109 555410
+1 444328
+1 120168
+1 160224
+1 200280
cfi=(110)
cfn=(600)
calls=40056 599 
* 704884759
* 40056
+1 201952
+1 88
+3 111038
+1 222164

fn=(614) envir_push2
69 43375
+1 26025
cfi=(110)
cfn=(616) list_length
calls=8675 191 
* 373918
* 8675
+1 26025
cfi=(110)
cfn=(616)
calls=8675 191 
* 373918
* 8675
+2 60725
+9 34700
cfi=(110)
cfn=(432)
calls=8675 569 
* 5897200
* 8675
+1 17350
+1 177304
cfi=(110)
cfn=(464)
calls=22163 586 
* 187363785
+1 66489
+1 66489
-3 114677
+6 26025
+1 26025
+1 17350
+1 8675
+1 17350

fn=(596) macro_expand
121 553210
+1 110642
+1 264
cfi=(110)
cfn=(600)
calls=44 599 
* 14036
* 44
+1 132
+2 132
+1 220
cfn=(614)
calls=44 -58 
* 1043685
* 44
+1 132
+1 220
cfn=(595)
calls=44 +46 
* 4898851
* 44
+2 88
cfn=(622)
calls=44 -29 
* 11308
-9 553430
cfn=(598)
calls=110686 -13 
* 706842705
* 221372
+11 110642
+1 221284

fn=(597) macro_expand'2
121 1980
+1 2376
cfn=(598)
calls=396 -13 
* 97762
* 792
+11 396
+1 792

fn=(648)
24 105
+1 84
+2 84
+1 63
+1 105
cfn=(614)
calls=21 +40 
* 327076
* 21
+1 42
+7 126
cfn=(595)
calls=21 175 
* 33689352
* 21
+1 42
cfn=(622)
calls=21 +64 
* 6111
+1 42
+4 42

fn=(594)
175 512
+1 576
+4 320
cfn=(596)
calls=64 -59 
* 6001103
* 64
+2 256
+1 320
cfi=(110)
cfn=(606) obj_eq_sym
calls=64 +55 
* 3904
* 128
+1 208
+1 416
cfn=(595)
calls=52 -10 
* 2172882443
* 52
+1 312
cfi=(110)
cfn=(464)
calls=52 586 
* 1201624
+1 104
+1 60
cfi=(110)
cfn=(606)
calls=12 +50 
* 732
* 24
+1 8
+1 10
+1 12
+1 8
+4 8
+1 12
cfi=(110)
cfn=(428)
calls=2 36 
* 7881
* 2
+1 12
cfi=(110)
cfn=(464)
calls=2 586 
* 9222
+1 4
+1 50
cfi=(110)
cfn=(606)
calls=10 +38 
* 610
* 20
+8 50
cfi=(110)
cfn=(606)
calls=10 +30 
* 610
* 20
+15 50
cfi=(110)
cfn=(606)
calls=10 +15 
* 610
* 20
+13 50
cfi=(110)
cfn=(606)
calls=10 +2 
* 610
* 20
+11 50
cfi=(110)
cfn=(606)
calls=10 -9 
* 610
* 20
+6 50
cfi=(110)
cfn=(606)
calls=10 -15 
* 610
* 20
+2 50
cfi=(110)
cfn=(606)
calls=10 -17 
* 610
* 20
+7 50
cfi=(110)
cfn=(606)
calls=10 -24 
* 610
* 20
+1 4
+1 5
+1 3
cfi=(110)
cfn=(616)
calls=1 -74 
* 37
* 1
+2 4
+4 4
cfi=(110)
cfn=(432)
calls=1 569 
* 476
* 1
+1 3
+1 3
+1 2
+1 1
+1 3
+1 4
+1 5
cfn=(595)
calls=1 175 
* 2708
* 1
+1 6
cfi=(110)
cfn=(464)
calls=1 586 
* 2287
+1 4
-5 6
+7 5
cfn=(595)
calls=1 175 
* 34340738
* 1
+1 3
+2 3
cfi=(110)
cfn=(624)
calls=1 581 
* 326
+1 2
+3 45
cfn=(618)
calls=9 136 
* 184326
* 9
+1 36
+4 27
+1 36
+1 6
cfi=(111)
cfn=(672)
calls=1 466 
* 84259
* 1
+1 32
+1 24
+1 24
+1 40
cfn=(614)
calls=8 69 
* 33763
* 8
+1 16
+11 48
cfn=(595)
calls=8 175 
* 15713806
* 8
+2 16
cfn=(622)
calls=8 102 
* 2430
+1 16
+21 320

fn=(595)
175 887792
+1 643636
+4 554870
cfn=(596)
calls=110578 -59 
* 708581382
cfn=(597)
calls=396 -59 
* 104098
* 110974
+2 443896
+1 199740
cfi=(110)
cfn=(606)
calls=39948 +55 
* 2466708
* 79896
+1 168
+1 336
cfn=(595)
calls=42 -10 
* 25052583
* 42
+1 252
cfi=(110)
cfn=(464)
calls=42 586 
* 19824
+1 84
+1 199530
cfi=(110)
cfn=(606)
calls=39906 +50 
* 2473110
* 79812
+12 199530
cfi=(110)
cfn=(606)
calls=39906 +38 
* 2473110
* 79812
+1 180
+1 225
+3 225
+1 180
+1 270
cfi=(110)
cfn=(428)
calls=45 36 
* 332667
* 45
+1 199305
cfi=(110)
cfn=(606)
calls=39861 +30 
* 2461401
* 79722
+1 58604
cfn=(595)
calls=8372 -34 
* 64269081
* 8372
+1 33488
+1 69163
+1 5090
+1 5090
+5 7126
cfn=(595)
calls=1018 -43 
* 14307185853
* 1018
+3 44124
cfn=(595)
calls=7354 -46 
* 248436896246
* 7354
+2 157445
cfi=(110)
cfn=(606)
calls=31489 +15 
* 1963562
* 62978
+1 774
+1 258
+1 6534
+3 6534
cfn=(595)
calls=1089 -54 
* 102337463
* 1089
+1 3267
+1 1806
cfn=(595)
calls=258 -56 
* 249392787
* 258
+2 3324
-8 3267
+11 156155
cfi=(110)
cfn=(606)
calls=31231 +2 
* 1942271
* 62462
+1 1170
+1 3900
cfn=(595)
calls=390 -63 
* 19382091
* 1560
+4 1170
+3 780
+2 154205
cfi=(110)
cfn=(606)
calls=30841 -9 
* 1918481
* 61682
+1 657
+1 219
+1 1236
-1 4461
cfn=(595)
calls=428 -74 
* 26475014
* 1712
+3 657
+1 153110
cfi=(110)
cfn=(606)
calls=30622 -15 
* 1904784
* 61244
+1 352
+1 152670
cfi=(110)
cfn=(606)
calls=30534 -17 
* 1890914
* 61068
+1 90
+1 30
+1 456
cfn=(595)
calls=76 -83 
* 41197005
+1 228
-2 530
+4 180
cfn=(595)
calls=30 -86 
* 2174276
* 30
+1 152520
cfi=(110)
cfn=(606)
calls=30504 -24 
* 1897586
* 61008
+1 388
+1 485
+1 291
cfi=(110)
cfn=(616)
calls=97 -74 
* 6361
* 97
+2 388
+4 388
cfi=(110)
cfn=(432)
calls=97 569 
* 54280
* 97
+1 291
+1 291
+1 194
+1 97
+1 669
+1 892
+1 1115
cfn=(595)
calls=223 175 
* 7347493
* 223
+1 1338
cfi=(110)
cfn=(464)
calls=223 586 
* 1641337
+1 892
-5 960
+7 485
cfn=(595)
calls=97 175 
* 88274460
* 97
+1 291
+2 291
cfi=(110)
cfn=(624)
calls=97 581 
* 25366
+1 194
+3 152035
cfn=(619)
calls=29588 136 
* 6415585950
cfn=(618)
calls=819 136 
* 2215160406
* 30407
+1 121628
+4 91221
+1 121628
+1 130830
cfi=(111)
cfn=(668)
calls=150 404 
* 1314823
cfi=(111)
cfn=(666)
calls=624 +83 
* 4964148
cfi=(111)
cfn=(664)
calls=33 91 
* 260415
cfi=(111)
cfn=(662)
calls=33 103 
* 257943
cfi=(111)
cfn=(660)
calls=34 115 
* 986
cfi=(111)
cfn=(658)
calls=124 -20 
* 82656
cfi=(111)
cfn=(654)
calls=493 33 
* 3875916
cfi=(111)
cfn=(652)
calls=6217 -27 
* 51459437
cfi=(111)
cfn=(650)
calls=42 +8 
* 673733
cfi=(111)
cfn=(646)
calls=1 +36 
* 34331140
cfi=(111)
cfn=(644)
calls=78 48 
* 589122
cfi=(111)
cfn=(642)
calls=114 127 
* 3249
cfi=(111)
cfn=(640)
calls=42 +25 
* 263346
cfi=(111)
cfn=(638)
calls=585 147 
* 63894
cfi=(111)
cfn=(636)
calls=673 174 
* 5154014
cfi=(111)
cfn=(634)
calls=6196 -36 
* 92940
cfi=(111)
cfn=(632)
calls=6155 -45 
* 92325
cfi=(111)
cfn=(628)
calls=1 -1 
* 2171
cfi=(111)
cfn=(620)
calls=210 -58 
* 3914290
* 21805
+1 34408
+1 25806
+1 25806
+1 43010
cfn=(614)
calls=8602 69 
* 193358906
* 8602
+1 17204
+11 51612
cfn=(595)
calls=8602 175 
* 253142622106
* 8602
+2 17204
cfn=(622)
calls=8602 102 
* 2781922
+1 17204
+19 355130
cfn=(618)
calls=607 136 
* 527399
cfn=(619)
calls=70419 136 
* 539032975
+2 554870

fl=(110)
fn=(432)
569 35096
+1 17548
cob=(3)
cfi=(100)
cfn=(386)
calls=8774 3028 
* 766272
* 8774
* 8774
+1 17548
+4 26322
cfn=(434) hashmap_init
calls=8774 386 
* 4985748
* 26322
+1 17548
+1 17548
+1 8774
+1 17548

fn=(454) obj_hash
131 22689788
+1 17017341
+2 22690480
+1 336
+1 17017089
cfn=(456)
calls=5672363 11 
* 73740718
* 11344726
cfn=(458) str_hash
calls=5672363 -15 
* 492863372
* 5672363
+1 336
+1 84
+1 84
+1 736
cfn=(455) obj_hash'2
calls=184 -9 
* 49772
* 920
+1 552
-2 804
+4 168
+8 11344894

fn=(455)
131 896
+1 672
+2 2256
+1 64
+1 624
cfn=(456)
calls=208 11 
* 2644
* 416
cfn=(458)
calls=208 -15 
* 40768
* 208
+1 64
+1 16
+1 16
+1 160
cfn=(455)
calls=40 -9 
* 11128
* 200
+1 120
-2 168
+4 32
+8 448

fn=(460)
44 699408
+1 466272
+1 699408
cfn=(428)
calls=116568 -10 
* 941381509
+1 582840

fn=(610)
95 62464
+1 78080
+3 24318
+1 16212
+1 16212
cfn=(611) obj_mark'2
calls=4053 -6 
* 939695
+1 16212
cfn=(611)
calls=4053 -7 
* 6297027
* 4053
-5 11563
+22 31232

fn=(611)
95 959152
+1 1198940
+3 1335396
+1 890264
+1 452972
cfn=(611)
calls=113243 -6 
* 7791212
+1 452972
cfn=(611)
calls=113243 -7 
* 2528121622
* 113243
+1 867272
+1 7836
cfn=(611)
calls=1959 -9 
* 243504
+1 7836
cfn=(611)
calls=1959 -10 
* 1973589
* 1959
+1 429456
+1 54
+1 36
+1 5760
+1 576
+1 1917
+1 1917
+1 1917
cfn=(611)
calls=639 -18 
* 23502
+1 1917
cfn=(611)
calls=639 -19 
* 20142
+1 1917
-5 3645
-2 2970
-11 17222
+22 479576

fn=(616)
191 52344
+1 69792
+4 17448
+1 17448
+1 179096
+3 44774
+1 134322
-5 186666
+8 17448
+1 34896

fn=(428)
36 1098270
+1 244060
cfi=(99)
cfn=(430)
calls=122030 -7 
* 979109231
* 122030
+1 366090
+1 610150
+1 244060
+1 122030
+1 244060

fn=(566)
208 435645
+1 174258
+1 62282
cfn=(460)
calls=31141 44 
* 251925955
* 31141
+1 93423
+1 93423
+1 62282
+3 223952
+5 167964
+5 279940
+6 111976
cfn=(460)
calls=55988 44 
* 452820857
* 55988
+1 167964
+1 167964
+1 55988
+1 174258

fn=(602) envir_get
595 28248870
+1 33898644
cfn=(604)
calls=5649774 477 
* 1095365301
+1 11299548

fn=(604)
477 28249080
+1 16949448
cfn=(454)
calls=5649816 131 
* 672571444
* 45198528
+1 50848344
+1 28249080
+1 7655732
+3 5812449
+2 11624898
cfn=(466) obj_equals
calls=1937483 153 
* 194357821
* 3874966
+1 300540
+1 200360
+2 5511909
-7 10977759
+10 1721770
+3 11299632

fn=(606)
238 1724990
+1 1379992
+4 1034994
cfn=(456)
calls=344998 11 
* 4484974
* 344998
+1 1724990
cob=(3)
cfi=(114)
cfn=(470)
calls=344998 144 
* 8636517
* 344998
* 1034994
+1 689996

fn=(626)
498 10
+1 6
cfn=(454)
calls=2 131 
* 320
* 16
+1 18
+1 10
+3 4
+1 2
+1 6
+2 12
cfn=(466)
calls=2 153 
* 30
* 4
+1 6
+1 10
+1 12
+4 4
-10 6
+18 4

fn=(438)
590 12
+1 8
cfn=(440)
calls=2 71 
* 410
* 2
+1 14
cfn=(452)
calls=2 440 
* 592
+1 6

fn=(440)
71 8435
+1 5061
cob=(3)
cfi=(112)
cfn=(444)
calls=1687 -20 
* 26713
* 1687
* 10122
cfn=(446)
calls=1687 -23 
* 12146806
+1 3374

fn=(630)
79 7
+1 3
cfn=(434)
calls=1 386 
* 1275
* 1
+1 4
+1 6
cfn=(428)
calls=1 -46 
* 852
+1 5

fn=(446)
49 40410
+1 8980
+3 31220
cob=(3)
cfi=(113) /build/glibc-OTsEL5/glibc-2.27/string/../sysdeps/x86_64/multiarch/strcpy-ssse3.S
cfn=(450) __strncpy_ssse3
calls=4460 -21 
* 117188
* 4460
+1 13380
+1 26760
cfn=(428)
calls=4460 -19 
* 33427066
* 4460
+1 26760
+1 8920
+2 150
cob=(3)
cfi=(100)
cfn=(386)
calls=30 3028 
* 3667
* 30
* 30
+1 60
+4 210
cob=(3)
cfi=(113)
cfn=(450)
calls=30 -32 
* 2713
* 30
+1 150
+1 120
+1 180
cfn=(428)
calls=30 -31 
* 181548
+2 22450

fn=(452)
440 135366
+1 225610
+1 6
cfn=(472) hashmap_resize
calls=2 -27 
* 657161
+3 67683
cfn=(454)
calls=22561 131 
* 1853843
* 180488
+1 270732
+1 43952
cfn=(460)
calls=21976 44 
* 177986176
* 21976
+1 65928
+1 65928
+2 219760
+1 131856
+2 5265
+1 585
+1 4466
cfn=(466)
calls=638 153 
* 64397
* 1276
+2 256
+1 64
+1 2870
+2 1042
cfn=(460)
calls=521 44 
* 4088394
* 521
+1 1563
+1 1563
+2 1042
cfn=(460)
calls=521 44 
* 4096884
* 521
+1 1563
+1 1563
+1 2605
+1 521
+2 159
-17 1914
+20 45122

fn=(453) hashmap_set'2
440 408
+1 680
+4 204
cfn=(454)
calls=68 131 
* 8956
* 544
+1 816
+1 116
cfn=(460)
calls=58 44 
* 445420
* 58
+1 174
+1 174
+2 580
+1 348
+2 90
+1 10
+1 77
cfn=(466)
calls=11 153 
* 1127
* 22
+4 55
+2 20
cfn=(460)
calls=10 44 
* 92118
* 10
+1 30
+1 30
+2 20
cfn=(460)
calls=10 44 
* 92268
* 10
+1 30
+1 30
+1 50
+1 10
+2 3
-17 33
+20 136

fn=(600)
599 548670
+2 109734
+1 16648908
+1 11099272
+1 19192
-3 28248870
cfn=(602)
calls=5649774 -6 
* 1168812363
* 16949322
+6 100138
+1 219468

fn=(466)
153 11628804
+1 5814402
+1 114

ob=(1)
fl=(24)
fn=(114)
2092 69
+5 182
+2 78
cfi=(36)
cfn=(116)
calls=26 282 
* 3069
* 52
+4 46
+1 69
+3 11
+1 11
+1 11
-1 11
+1 11
cfi=(21)
cfn=(56)
calls=11 144 
* 396
* 22
2391 63
2125 12
+10 12
-53 4
+89 8
-2 4
+2 4
cfi=(29)
cfn=(84)
calls=4 24 
* 116
* 8
2322 5
cfn=(82) expand_dynamic_string_token
calls=1 320 
* 154
* 1
-2 1
+3 5
+4 9
cfn=(118)
calls=1 1598 
* 208
+3 2
-3 1
+3 3
+12 3
+46 1
+1 3
-1 1
+1 9
cfn=(126) _dl_map_object_from_fd
calls=1 808 
* 1347
-1 3
+1 9
-1 3
+1 27
cfn=(126)
calls=3 808 
* 4990
* 12
2171 3
+4 6
cfi=(13)
cfn=(28)
calls=3 79 
* 66
* 3
+2 3
-2 3
+2 3
+7 12
+36 36
cfn=(150)
calls=3 1932 
* 1873
+6 6
-6 3
+6 9
601 9
+3 1
2227 1
604 1
2314 6
+28 12
+2 6
610 1
2249 1
-14 1
+14 3
-14 2
+14 2
+2 9
+4 6
cfi=(50)
cfn=(154)
calls=3 187 
* 4385
+2 3
-2 3
+2 3
+4 6
+8 9
+23 30
cfn=(118)
calls=3 1598 
* 640
+4 6
-4 3
+4 9
+1 6
-88 21
601 9
2219 6
+1 6
-32 3
+1 6
-1 9
+8 21
-3 12
601 12
+3 1
2194 1
604 1
+3 3
+3 11
2208 9
607 3

fn=(126)
808 44
+10 4
-10 4
+10 4
-10 12
+10 4
cfi=(31)
cfn=(92)
calls=4 49 
* 32
fi=(40) /build/glibc-OTsEL5/glibc-2.27/elf/../sysdeps/posix/dl-fileid.h
37 12
fe=(24)
818 4
fi=(40)
37 4
cfi=(41)
cfn=(130)
calls=4 -3 
* 40
* 8
+4 4
fe=(24)
834 4
fi=(40)
40 4
+1 4
fe=(24)
834 66
+1 28
fi=(40)
49 46
fe=(24)
1346 36
852 8
+24 16
+10 8
+22 16
+32 8
819 4
943 28
cfi=(17)
cfn=(38)
calls=4 59 
* 1424
+1 4
-1 4
+1 4
+11 8
+5 4
-5 4
+1 4
+5 4
-5 4
+1 4
+2 4
-2 4
+2 8
+1 12
+20 4
-2 4
+10 4
-8 24
+8 4
-8 12
+8 4
+97 4
982 4
-6 4
1085 4
981 4
-5 8
1085 12
-96 58
-1 186
+1 175
+6 8
+5 8
+1 16
+11 40
+5 64
+9 24
-1 24
+1 8
+1 16
+2 8
-2 8
+1 8
-1 8
+3 8
+4 8
-7 8
+3 8
-1 8
+5 8
+1 16
+5 8
-1 4
-14 4
+14 4
+1 24
+10 4
-10 8
-1 4
-14 4
+14 4
+1 24
+10 4
-44 2
+1 1
+46 3
+4 1
+1 1
+2 1
-1 1
-1 2
+1 1
+3 3
+1 1
+3 1
-3 1
+7 4
+6 1
cfi=(32)
cfn=(162)
calls=1 51 
* 6
* 2
+1 1
+19 8
+1 8
+1 4
-6 8
+1 4
+8 16
956 4
1110 4
956 4
1110 4
+10 12
fi=(43) /build/glibc-OTsEL5/glibc-2.27/elf/./dl-map-segments.h
50 4
+6 4
fe=(24)
1120 16
fi=(43)
56 12
fe=(24)
1120 4
fi=(43)
50 4
fe=(24)
1120 8
fi=(43)
56 8
cfi=(42)
cfn=(132)
calls=4 -12 
* 148
+4 4
-4 4
+4 8
+3 8
+1 4
+2 4
-2 4
-1 4
+3 4
+14 8
fi=(45) /build/glibc-OTsEL5/glibc-2.27/elf/./dl-load.h
+10 16
+1 12
+2 16
fi=(43)
+11 32
+45 8
-59 40
+2 24
+2 32
cfi=(42)
cfn=(132)
calls=4 -50 
* 132
* 8
+16 4
+2 4
-2 4
+1 4
+2 4
-1 4
+1 4
-1 12
+8 8
+3 8
+8 28
cfi=(28)
cfn=(76)
calls=4 -22 
* 763
* 8
+6 8
+4 16
cfi=(42)
cfn=(132)
calls=2 -97 
* 66
+3 4
-71 40
cfi=(44)
cfn=(136)
calls=4 +5 
* 20
* 8
fi=(45)
+21 15
+2 3
-1 9
+1 3
-1 3
+1 6
-1 6
+3 12
fe=(24)
1132 16
+9 8
fi=(3)
42 4
fe=(24)
1141 4
fi=(3)
42 4
+6 4
-2 4
+2 8
+15 4
+5 4
+3 4
-1 4
-3 4
-3 84
+10 19
-26 57
+16 75
+10 75
-26 225
+26 4
-26 12
+2 196
+13 92
+2 16
+16 8
+20 13
+1 16
+1 16
+1 16
+2 16
+5 16
+1 15
+1 16
+6 12
+5 8
+7 8
+1 12
+18 12
+5 2
+2 2
-2 2
+2 2
+2 4
+2 4
+3 12
+10 2
-8 8
+8 2
+5 4
+3 8
fe=(24)
1148 8
+15 12
+19 8
+2 20
+54 12
+1 2
+3 2
cfi=(46)
cfn=(142)
calls=1 27 
* 5
* 6
cfi=(46)
cfn=(142)
calls=3 27 
* 15
* 8
+9 8
+2 12
+2 4
-2 4
+2 4
+16 8
cfi=(6)
cfn=(10)
calls=4 939 
* 92
+4 8
+1 8
+17 8
+1 1
+8 1
-5 3
+5 4
-5 9
+5 3
+10 8
+10 12
cfi=(17)
cfn=(50)
calls=4 31 
* 180
+4 12
fi=(3)
68 16
+3 16
+1 4
+1 16
180 3
-18 2
fe=(24)
369 4

fn=(118)
1598 154
+39 14
-39 42
+39 54
+31 56
cfi=(37)
cfn=(120)
calls=14 39 
* 254
+2 14
-2 14
+2 18
+10 4
+1 8
+5 24
cfi=(39)
cfn=(124)
calls=4 27 
* 20
+2 8
+2 4
+2 4
-2 4
+2 4
+6 8
+16 64
+74 8
+5 8
+2 16
+6 8
+11 8
+6 4
+1 4
+1 4
-2 12
+1 12
+21 176
+2 78
+13 12
+3 16
+1 4
+12 24
-3 30
+15 2
+3 1
+1 3
+1 1
-1 1
-1 1
+3 3
+1 3
1650 10
1918 126
1714 2
1871 24
+3 4
-4 4
+4 8
+5 1
+1 2
-55 6

fn=(66)
623 1
+13 2
-13 8
+13 3
cfi=(25)
cfn=(68)
calls=1 42 
* 711
+5 1
-5 1
+5 1
cfi=(19)
cfn=(46)
calls=1 50 
* 18
* 1
+1 1
-2 1
+2 2
+8 1
-1 1
+1 4
-1 3
+4 4
cfi=(19)
cfn=(46)
calls=1 50 
* 18
* 1
+2 1
-2 2
+2 1
+7 1
+10 1
-11 1
+12 1
+3 1
+1 1
-5 1
+3 1
+1 1
-1 1
+9 1
-20 1
+17 1
+3 1
-3 17
cfi=(28)
cfn=(76)
calls=4 109 
* 48
+3 27
-12 3
-2 3
+10 3
-7 3
-1 3
+4 3
-1 3
+1 3
+1 3
+3 3
+1 3
-4 3
+4 3
+14 1
-11 1
+6 1
+1 1
+5 2
+2 4
+2 3
+38 5
-19 1
-2 2
+2 2
+21 3
cfi=(13)
cfn=(28)
calls=1 79 
* 16
* 8
cfi=(20)
cfn=(48)
calls=1 129 
* 10
* 1
+5 4
-1 2
+2 56
-1 57
+5 1
cfi=(19)
cfn=(46)
calls=1 50 
* 18
* 1
+1 1
-2 1
+2 1
+6 7
cfn=(78) fillin_rpath
calls=1 389 
* 584
+3 3
+6 1
+4 8
-37 2

fn=(78)
389 7
+2 1
-2 9
+4 3
cfi=(19)
cfn=(80)
calls=1 265 
* 238
* 3
cfi=(19)
cfn=(80)
calls=1 265 
* 6
* 6

ob=(7)
fl=(110)
fn=(466)
157 11628462
+4 7752308
+1 48
+1 102
+1 102
-2 238
cfn=(467) obj_equals'2
calls=34 -9 
* 3898
* 336
cfn=(467)
calls=48 -9 
* 4923
* 392
+4 168
+1 80
+2 16
+4 23256348
+6 5814087
cfn=(456)
calls=1938029 11 
* 25194377
* 7752116
cfn=(456)
calls=1938029 11 
* 25194372
* 5814087
cob=(3)
cfi=(114)
cfn=(470)
calls=1938029 -35 
* 47120914
* 1938029
* 7752116
+10 7752536

fn=(467)
153 576
+1 288
+1 24
+2 504
+4 336
+1 4
+1 30
+1 30
-2 70
cfn=(467)
calls=10 -9 
* 748
* 28
cfn=(467)
calls=4 -9 
* 400
* 100
+4 24
+3 8
+4 960
+6 240
cfn=(456)
calls=80 11 
* 1030
* 320
cfn=(456)
calls=80 11 
* 1018
* 240
cob=(3)
cfi=(114)
cfn=(470)
calls=80 -35 
* 2207
* 80
* 320
+10 384

fn=(472)
415 8
+1 10
cfn=(434)
calls=2 -30 
* 7805
* 2
+1 4
+1 960
+1 96
+1 339
+1 339
+1 339
+1 339
+1 408
cfn=(453)
calls=68 +16 
* 644657
+2 339
-7 627
-2 488
+12 8
+3 6
+1 8
+1 6
+3 6
cfn=(474) hashmap_free
calls=2 -27 
* 361
+1 6

fn=(612)
86 475440
+1 1516372
+1 921904
+1 84
cob=(3)
cfi=(100)
cfn=(478)
calls=21 3086 
* 1810
* 21
+4 21
-3 475356
+3 356580

fn=(464)
586 135102
+1 157619
cfn=(452)
calls=22517 440 
* 189987943
+1 67551

fn=(434)
386 35108
+1 17554
+1 8681
+1 17362
cob=(3)
cfi=(100)
cfn=(386)
calls=8681 3028 
* 1044741
* 8681
* 192
cob=(3)
cfi=(100)
cfn=(386)
calls=96 3028 
* 5004
* 96
* 8777
+1 17554
+4 26331
+1 17554
+2 70216
cob=(3)
cfi=(100)
cfn=(386)
calls=8777 3028 
* 1035809
* 8777
* 26331
+1 35108
+4 17554
+1 705760
+1 776336
+1 776336
-3 308635
+5 8777
+1 17554

fn=(458)
121 17017713
+1 5672571
+1 5672571
+1 5672571
+1 223412780
+1 22341278
-2 196096943
+4 5672571
+1 11345142

fn=(474)
410 35100
+1 35100
cob=(3)
cfi=(100)
cfn=(478)
calls=8775 3086 
* 961141
* 8775
+1 26325
cob=(3)
cfi=(100)
cfn=(478)
calls=8775 3086 
* 726858
* 8775
+1 26325

fn=(456)
11 29705169
+1 49508615
+1 29703279
+2 1260
+2 19803446

fn=(624)
581 35092
+1 35092
cfn=(474)
calls=8773 410 
* 1828038
+1 26319
cob=(3)
cfi=(100)
cfn=(478)
calls=8773 3086 
* 729030
* 8773
+1 26319

ob=(1)
fl=(24)
fn=(78)
400 2
+2 3
cfn=(82)
calls=1 -82 
* 104
+4 1
-4 1
+4 1
+5 2
cfi=(13)
cfn=(28)
calls=1 79 
* 16
+1 2
+7 6
+9 17
+1 8
+57 2
cob=(2)
cfi=(18)
cfn=(88) 0x0000000004000f00
calls=1 0 
* 5
* 1
-39 2
+4 7
-1 1
cfi=(19)
cfn=(46)
calls=1 50 
* 18
* 1
+3 3
+5 1
+1 2
-2 2
+2 1
cfi=(20)
cfn=(74)
calls=1 116 
* 12
+3 1
-2 1
-1 1
+1 1
+2 1
+6 4
+1 17
+1 1
-1 3
+1 1
-1 14
+1 8
-1 1
+1 1
-1 3
+1 1
-1 2
+4 1
-1 1
+1 1
-1 1
+1 1
+8 1
-1 1
+4 3
-37 2
-28 1
+5 4
+66 1
+3 9
-15 2

fn=(82)
320 12
+10 4
-10 2
+10 2
cfi=(29)
cfn=(84)
calls=2 24 
* 70
* 4
+15 2
-11 2
+11 8
-11 2
cfi=(30)
cfn=(86)
calls=2 40 
* 150

ob=(2)
fl=(18)
fn=(722)
0 3

fn=(766) 0x0000000005272980
0 1
cob=(3)
cfi=(138) /build/glibc-OTsEL5/glibc-2.27/stdlib/cxa_finalize.c
cfn=(710) __cxa_finalize
calls=1 30 
0 74

fn=(776)
0 3

fn=(340)
0 6

fn=(298)
0 6

fn=(748)
0 1
cob=(3)
cfi=(138)
cfn=(710)
calls=1 30 
0 74

fn=(758)
0 3

fn=(522) 0x0000000004e962c8
0 8
cob=(3)
cfi=(100)
cfn=(478)
calls=8 3086 
0 490

fn=(730) 0x0000000004a2a560
0 1
cob=(3)
cfi=(138)
cfn=(710)
calls=1 30 
0 74

fn=(740)
0 3

fn=(88)
0 1
cob=(1)
cfi=(19)
cfn=(90)
calls=1 111 
0 4

fn=(486) 0x0000000004e962c0
0 6
cob=(3)
cfi=(100)
cfn=(386)
calls=6 3028 
0 39036

fn=(708)
0 1
cob=(3)
cfi=(138)
cfn=(710)
calls=1 30 
0 74

fn=(362)
0 6

fn=(330)
0 6

ob=(3)
fl=(121)
fn=(504)
32 4
+3 4
-3 8
+3 56
+1 16
cfi=(122) /build/glibc-OTsEL5/glibc-2.27/libio/ioseekoff.c
cfn=(506) _IO_seekoff_unlocked
calls=4 -2 
* 1544
* 16
fi=(127) /build/glibc-OTsEL5/glibc-2.27/libio/libioP.h
796 8
+1 32
fe=(121)
39 12

fl=(87) /build/glibc-OTsEL5/glibc-2.27/ctype/ctype-info.c
fn=(320) __ctype_init
31 5
+2 1
+2 1
-4 1
+4 1
-4 1
+2 3
+2 2
+1 1

fl=(96) /build/glibc-OTsEL5/glibc-2.27/setjmp/../sysdeps/x86_64/setjmp.S
fn=(374) __sigsetjmp
26 1
+9 1
+1 2
+1 1
+4 1
+1 1
+1 1
+1 1
+1 1
+2 2
+2 1
+1 1
+1 1
+2 2
+2 1
+8 1
cfi=(97) /build/glibc-OTsEL5/glibc-2.27/setjmp/sigjmp.c
cfn=(376) __sigjmp_save
calls=1 -34 
* 8

fl=(102) /build/glibc-OTsEL5/glibc-2.27/malloc/arena.c
fn=(390) ptmalloc_init.part.0
289 2
+5 1
-5 3
+13 2
+6 1
fi=(100)
1816 2
fe=(102)
308 12
fi=(100)
1816 13
+1 1
-1 3
+1 11
-1 390
+1 30
-1 90
+1 331
fe=(102)
313 1
fi=(100)
1825 1
fe=(102)
313 4
fi=(100)
1817 7
+11 1
-11 4
+9 1
fe=(102)
313 1
fi=(100)
1828 1
fe=(102)
313 1
cob=(1)
cfi=(104)
cfn=(400)
calls=1 71 
* 1287
* 5
+1 4
cob=(1)
cfi=(9)
cfn=(26)
calls=1 +59 
* 18
* 1
+1 4
cob=(1)
cfi=(9)
cfn=(26)
calls=1 +58 
* 19
* 1
+1 4
cob=(1)
cfi=(9)
cfn=(26)
calls=1 +57 
* 18
* 1
+1 4
cob=(1)
cfi=(9)
cfn=(26)
calls=1 +56 
* 18
* 1
+1 4
cob=(1)
cfi=(9)
cfn=(26)
calls=1 +55 
* 19
* 1
+1 4
cob=(1)
cfi=(9)
cfn=(26)
calls=1 +54 
* 18
* 1
+1 4
cob=(1)
cfi=(9)
cfn=(26)
calls=1 +53 
* 18
* 1
+2 4
cob=(1)
cfi=(9)
cfn=(26)
calls=1 +51 
* 18
* 1
+1 4
cob=(1)
cfi=(9)
cfn=(26)
calls=1 +50 
* 18
* 1
+1 4
cob=(1)
cfi=(9)
cfn=(26)
calls=1 +49 
* 18
* 1
+71 2
+1 2
+4 2
-1 1
+1 4
-97 5
cfi=(103) /build/glibc-OTsEL5/glibc-2.27/elf/dl-addr.c
cfn=(392) _dl_addr
calls=1 126 
* 60693
* 2
+1 4

fl=(134)
fn=(676)
31 1400
+1 280
-1 280
+1 280
-1 280
+4 560
+2 5040
+1 1401
+1 1
fi=(127)
870 3
+2 2
+1 2
fe=(134)
39 279
fi=(127)
870 837
+2 558
+1 558
fe=(134)
39 1120
cfi=(118) /build/glibc-OTsEL5/glibc-2.27/libio/fileops.c
cfn=(678) _IO_file_xsputn@@GLIBC_2.2.5
calls=280 1220 
* 56656
* 840
fi=(127)
796 560
+1 1120
fe=(134)
38 558
fi=(127)
797 1400
fe=(134)
45 560
+1 280
+3 2520

fl=(85) /build/glibc-OTsEL5/glibc-2.27/misc/init-misc.c
fn=(314) __init_misc
31 2
-1 3
+1 4
+2 3
cfi=(86) /build/glibc-OTsEL5/glibc-2.27/string/../sysdeps/x86_64/multiarch/strrchr-avx2.S
cfn=(318) __strrchr_avx2
calls=1 +10 
* 27
* 1
+4 5
+1 3
+2 4

fl=(72)
fn=(242)
40 1
-2 1
+2 2
-2 2
+11 1

fl=(101) /build/glibc-OTsEL5/glibc-2.27/malloc/hooks.c
fn=(388) malloc_hook_ini
29 5
fi=(102)
291 1
fe=(101)
30 1
fi=(102)
291 1
fe=(101)
30 1
fi=(102)
291 1
fi=(100)
3039 7
+3 1
-2 2
+2 3
+13 4
+2 3
cfn=(418) _int_malloc
calls=1 3521 
* 158
+1 1
-1 1
+1 6
-19 4
-56 5
cfn=(416) tcache_init.part.4
calls=1 +3 
* 496
+62 3
fe=(101)
33 6
cfi=(102)
cfn=(390)
calls=1 289 
* 63153
* 1
fi=(100)
3034 2
fe=(101)

fl=(108) /build/glibc-OTsEL5/glibc-2.27/misc/sbrk.c
fn=(424) sbrk
32 13
+8 13
-8 39
+8 75
+1 2
cfi=(109) /build/glibc-OTsEL5/glibc-2.27/misc/../sysdeps/unix/sysv/linux/x86_64/brk.c
cfn=(426) brk
calls=1 -10 
* 12
* 3
+3 26
+4 72
+12 5
-4 24
cfi=(109)
cfn=(426)
calls=12 -25 
* 144
* 24
+4 60

fl=(70)
fn=(232)
30 5
fi=(143) /build/glibc-OTsEL5/glibc-2.27/string/../sysdeps/x86_64/multiarch/strcspn.c
-1 1
fe=(70)

fn=(262)
30 5
fi=(144) /build/glibc-OTsEL5/glibc-2.27/string/../sysdeps/x86_64/multiarch/strspn.c
-1 1
fe=(70)

fn=(246)
30 5
fi=(145) /build/glibc-OTsEL5/glibc-2.27/string/../sysdeps/x86_64/multiarch/strpbrk.c
-1 1
fe=(70)

fl=(109)
fn=(426)
31 104
+8 13
-6 26
+7 13

fl=(112)
fn=(444)
52 1735
+1 1735
+1 1735
+3 1735
+1 1735
+1 1735
+3 1378
+1 1378
+1 1378
+8 1378
+19 357
+1 357
+1 357
+1 357
+2 357
+1 357
+1 357
+1 351
+6 351
+1 351
+1 351
+4 351
+1 351
+16 6
+10 6
+1 6
+1 6
+1 6
332 1384
+1 1384
+1 1384
+4 1384
+1 1384

fl=(128)
fn=(538)
34 2
+3 2
-3 2
+3 28
+1 10
cfi=(122)
cfn=(506)
calls=2 -4 
* 126
* 2
+1 10
+18 6
fi=(127)
796 4
+1 16
fe=(128)
45 4

fl=(129)
fn=(544)
31 8
+1 4
-1 2
+4 4
+2 16
+1 6
cfi=(117) /build/glibc-OTsEL5/glibc-2.27/libio/genops.c
cfn=(546) _IO_sgetn
calls=2 427 
* 880
fi=(127)
796 2
fe=(129)
38 2
fi=(127)
796 2
+1 16
fe=(129)
40 4
-3 26
+4 2
-1 2
+1 12

fl=(57)
fn=(196)
33 12
+3 12
fi=(146) /build/glibc-OTsEL5/glibc-2.27/string/../sysdeps/x86_64/multiarch/strncpy.c
-7 3
fe=(57)

fn=(266)
33 4
+3 4
fi=(147) /build/glibc-OTsEL5/glibc-2.27/string/../sysdeps/x86_64/multiarch/stpcpy.c
-3 1
fe=(57)

fn=(280)
33 4
+3 4
fi=(148) /build/glibc-OTsEL5/glibc-2.27/string/../sysdeps/x86_64/multiarch/strncat.c
-7 1
fe=(57)

fn=(264)
33 4
+3 4
fi=(149) /build/glibc-OTsEL5/glibc-2.27/string/../sysdeps/x86_64/multiarch/stpncpy.c
-5 1
fe=(57)

fn=(238)
33 8
+3 8
fi=(150) /build/glibc-OTsEL5/glibc-2.27/string/../sysdeps/x86_64/multiarch/strcpy.c
-7 2
fe=(57)

fn=(202)
33 4
+3 4
fi=(151) /build/glibc-OTsEL5/glibc-2.27/string/../sysdeps/x86_64/multiarch/strcat.c
-7 1
fe=(57)

fl=(116)
fn=(484)
88 15
-23 3
+23 6
-23 3
cob=(2)
cfi=(18)
cfn=(486)
calls=3 -65 
* 297
+2 9
+3 3
+2 12
-2 3
+2 9
cfi=(117)
cfn=(488) _IO_no_init
calls=3 590 
* 180
+1 3
+1 3
-1 3
+1 3
cfi=(118)
cfn=(492) _IO_new_file_init_internal
calls=3 +33 
* 297
+4 15
cfi=(118)
cfn=(496) _IO_file_fopen@@GLIBC_2.2.5
calls=3 214 
* 430
* 6
-41 6
+53 21

fl=(88)
fn=(322)
488 7
+14 6
758 2
+2 1
+1 1
+2 1
-3 1
+5 1
-5 1
+4 3
+4 2
+3 2
+2 1
+1 1
+2 1
-3 1
+5 1
-5 1
+4 3
+9 1
+2 8
-2 1
+3 8
500 1
+4 1
-4 1
+4 1
cfn=(324) handle_intel.constprop.1
calls=1 259 
* 469
+2 1
-2 1
+2 1
cfn=(324)
calls=1 259 
* 515
+5 1
-5 1
+5 1
cfn=(324)
calls=1 259 
* 542
+8 1
-8 1
+8 1
+11 1
-20 1
+25 3
+4 2
+8 6
+3 2
+9 6
+14 2
+4 1
+3 1
+1 1
-4 1
+3 1
-3 1
+3 1
+6 8
-39 3
+3 9
+6 6
-6 3
+6 2
+3 20
+5 2
+4 1
+1 1
-1 3
691 4
+1 5
+4 2
+59 2
592 2
+8 1
+2 1
-2 6
+2 4
-2 1
+4 1
+23 2
-25 2
+2 6
+2 6
+3 2
+1 8
+2 4
+3 2
+5 1
+2 2
+1 1
-1 1
+2 1
-2 1
+1 2
+27 2
+1 1
+1 2
+2 1
-1 1
+1 1
-24 3
+4 2
+3 1
+2 4
+1 1
+5 2

fn=(326) intel_check_word.isra.0
132 12
+6 6
-10 18
+10 6
-10 6
+10 6
-10 6
+10 12
-10 6
+10 6
+2 6
-2 6
+2 18
250 12
140 24
+2 15
+2 30
+8 30
+51 24
+22 12
fi=(89) /build/glibc-OTsEL5/glibc-2.27/string/../bits/stdlib-bsearch.h
28 12
-1 24
+4 24
+1 12
fe=(88)
+87 24
fi=(89)
-88 138
+1 69
fe=(88)
+87 138
+3 81
fi=(89)
-93 252
+8 15
-8 36
fe=(88)
134 3
255 36
-91 9
+3 9
-6 13
+3 4
+9 4
+5 14
+1 10
+17 5
-32 15
+3 15
+4 14
+2 28
+2 14
+2 8
+4 3
+2 6
+2 3
+2 3
-2 3
+2 6
-2 3
+3 9
-2 12
+2 6
-24 2
+7 2
+2 4

fn=(324)
259 21
+2 3
-2 9
+5 9
+8 3
+1 3
-3 3
+5 12
+6 6
+5 3
-5 9
+5 3
+2 3
+1 3
-1 3
+5 18
cfn=(326)
calls=3 132 
* 1035
+2 6
+3 21
cfn=(326)
calls=3 132 
* 314
+2 6
+19 33

fl=(125) /build/glibc-OTsEL5/glibc-2.27/io/../sysdeps/unix/sysv/linux/lseek64.c
fn=(526) lseek
35 16
+2 4

fl=(68)
fn=(224)
38 12
+3 12
+6 3

fl=(114)
fn=(470)
144 2288554
+1 2288554
+2 2288554
+1 2288554
+21 2288554
+1 2288554
+1 2271407
+1 2271407
+1 2239225
+1 2239225
+1 2239225
+1 2239225
+21 2239225
+1 2239225
+1 2239225
+1 2239225
+1 2239225
+1 2239225
+1 2239225
+5 6
+1 6
+9 6
+1 6
+1 6
+1 6
+1 6
+1 6
+1 6
+1 6
-7 49329
+1 49329
+1 49329
+1 49329
+1 49329
+1 49329
+1 49329
+1 49329
+1 36941
+1 18166
+1 18166
+1 18166
+2 18166
+1 18166
+1 18166
+1 18166
+1 18166
+1 18166
-5 18775
+1 18775
+1 18775
+1 18775
+1 18775
+1 18775
+10 12394
+1 12394
+1 12394
+2 12394
+6 12394
+1 12394
+1 12394
+1 12394
+1 12394
+5 12394
+2 75
+1 75
+1 150
+8 75
+1 75
+3 75
+1 75
+1 75
+1 75
+1 75
+1 75
1196 23854
+1 23854
+1 23854
+1 23854
+1 23854
+2 23854
+1 23854
+1 23854
+1 23854
+1 23854
+1 23854
+1 23854
+1 50
+4 50
+1 50
+1 50
+6 50
+1 50
+1 100
+4 50
+1 50
+3 50
+1 50
+1 50
+7 50
+4 50
+1 50
+1 50
+1 50
+1 50
+1 50
+72 1494
+1 1494
+1 1494
+1 1494
+1 1494
+2 1494
+1 1494
+1 1494
+1 1494
+1 1494
+1 1494
+1 1494
1446 1430
+1 1430
+1 1430
+1 1430
+1 1430
+2 1430
+1 1430
+1 1430
+1 1430
+1 1430
+1 1430
+1 1430
+1 673
+4 673
+1 673
+1 673
+6 673
+1 673
+1 1346
+4 673
+1 673
+3 673
+1 673
+1 673
+7 673
+4 673
+1 673
+1 673
+1 673
+1 673
+1 673
+72 4328
+1 4328
+1 4328
+1 4328
+1 4328
+2 4328
+1 4328
+1 4328
+1 4328
+1 4328
+1 4328
+1 4328
1696 2924
+1 2924
+1 2924
+1 2924
+1 2924
+2 2924
+1 2924
+1 2924
+1 2924
+1 2924
+1 2924
+1 2924
1821 1494
+1 1494
+1 1494
+1 1494
+1 1494
+2 1494
+1 1494
+1 1494
+1 1494
+1 1494
+1 1494
+1 1494
2071 1417
+1 1417
+1 1417
+1 1417
+1 1417
+2 1417
+1 1417
+1 1417
+1 1417
+1 1417
+1 1417
+1 1417
2200 798
+2 798
+1 798
+1 798
+1 798
-3 48537
+1 48537
+1 48537
+1 48537
+1 54498
+5 18166
+6 18166
+1 18166
+8 18166
+1 18166
-16 2270388
+6 2270388
+1 2270388
+8 2270388
+1 2270388

fl=(132) /build/glibc-OTsEL5/glibc-2.27/io/../sysdeps/unix/sysv/linux/close.c
fn=(580) __close_nocancel
37 8
+1 2

fl=(131)
fn=(570)
34 6
+14 2
-14 2
+14 4
fi=(127)
796 4
+1 6
fe=(131)
57 2
fi=(127)
870 6
+2 4
+1 4
fe=(131)
57 6
cfi=(118)
cfn=(584) _IO_file_finish@@GLIBC_2.2.5
calls=2 169 
* 74
+1 6
+13 4
+3 12
+3 4
cob=(2)
cfi=(18)
cfn=(522)
calls=2 -77 
* 142
+4 10
-32 2
cfi=(117)
cfn=(572) _IO_un_link
calls=2 +4 
* 188
+2 38
+1 4
+1 4
cfi=(118)
cfn=(574) _IO_file_close_it@@GLIBC_2.2.5
calls=2 +76 
* 462
* 8
fi=(127)
797 12
fe=(131)

fl=(100)
fn=(656) malloc_consolidate
4403 60
+19 60
-19 60
+30 60
-30 120
+29 60
-29 60
+32 60
-15 60
+15 120
+1 120
-1 1080
+1 1080
+3 14931
+1 19908
+8 4977
-3 4977
+3 4977
+1 4977
+1 14931
+2 9954
+1 3722
+2 3722
-1 3722
+2 58887
+3 9954
+1 4974
+2 9948
+1 1592
+1 19104
+4 4974
+4 4974
-3 4974
+1 4974
+2 4974
+1 949
+1 949
+3 949
+1 949
+1 949
-2 1898
+3 949
+9 2847
-12 4025
+1 4025
+1 4025
-2 8050
+3 4025
+9 12160
+3 2400
+1 360
-27 10146
+18 3
+1 6
+1 6
-22 102
-8 33

fn=(670) systrim.isra.1.constprop.11
2760 5
+11 3
+2 1
+1 2
-4 1
+8 3
+2 3
+44 1
-49 1
+49 5

fn=(416)
2986 1
-9 1
+9 9
+1 3
cfn=(418)
calls=1 3521 
* 389
+1 1
-1 1
+1 1
+8 4
+7 2
+2 1
+1 2
-1 1
+1 78
+3 2

fn=(420) sysmalloc
2274 96
+20 12
+11 12
-11 12
+11 12
+1 48
fi=(102)
535 12
fe=(100)
2321 24
fi=(102)
535 12
fe=(100)
2321 24
+66 12
+1 36
+10 12
-9 12
+9 91
+6 48
+3 36
2724 24
+1 12
+5 24
+3 24
+5 12
-3 12
+3 12
-2 12
+2 36
+1 12
-1 12
-1 12
+4 12
-3 24
+1 12
+2 12
+6 108
2460 36
+19 24
-11 12
+11 12
-11 12
+21 48
cfi=(107) /build/glibc-OTsEL5/glibc-2.27/malloc/morecore.c
cfn=(422) __default_morecore
calls=12 46 
* 578
* 12
+1 12
+3 36
+3 48
+1 24
+46 24
+2 24
+6 12
-6 12
+6 34
+1 55
-83 12
+10 24
+8 12
-8 12
+8 12
+67 4
+34 2
+6 3
+22 2
+1 5
+2 1
-2 1
+2 1
+1 4
cfi=(107)
cfn=(422)
calls=1 46 
* 25
+12 3
+48 1
+1 1
-2 1
+1 2
+12 1
-12 1
+1 1
+11 1
2544 2
-3 3
+99 2
+1 4

fn=(386)
3028 79293
+5 52862
+1 52862
+5 185010
+3 26430
-2 79290
+2 79290
+3 52860
+10 35376
+2 26532
cfn=(418)
calls=8844 3521 
* 2017594
+1 8844
-1 8844
+1 53064
-19 105720
+8 26359
+1 79077
2941 35172
+2 35172
+1 17586
3081 132150
-46 1
+46 3
-46 1
cfi=(101)
cfn=(388)
calls=1 29 
* 63866

fn=(418)
3521 53076
+32 8846
-32 8846
+32 79614
+4 53076
+24 17692
+2 17904
+3 5968
+2 11936
+2 1123
-6 2246
+6 3369
+1 1123
+5 3369
+1 2246
+7 4492
-1 2246
+1 2246
+5 3369
+1 4460
+2 29160
+1 7290
2929 14580
+1 7290
-2 14580
+2 14580
-2 7290
+4 21870
3609 21870
+1 19025
1887 107
3682 107
1887 1517
3682 1303
1887 2606
4131 79614
3639 5828
+62 2702
+1 216
+20 7436
-1 14872
+1 7436
-1 7436
+1 14872
-2 37175
+6 22305
+66 7435
-40 14870
3879 7435
3731 7435
+1 7435
+20 14870
+40 14870
-60 14870
-12 1
+6 3
+66 1
-40 2
3879 1
3731 1
+1 1
+20 2
+40 2
-60 13144
+3 31485
+1 20990
+3 10495
+10 10495
-15 10495
+15 28113
+34 6936
-5 6936
+1 6936
+4 6936
+29 5942
+8 949
+1 507
+1 169
-1 169
+4 169
-3 169
+3 169
-4 78
+1 26
-1 26
+4 26
-3 26
+3 26
+5 256
-2 64
+3 128
+6 4
+1 4
-1 4
+1 4
+1 12
+29 8
+9 4
-9 16
+10 4
-9 4
+1 4
+1 4
+1 4
+6 4
-10 5934
+9 2967
-9 11868
+10 2967
-9 2967
+1 2967
+1 2967
+1 2967
+6 2967
+1 502
+8 6695
3642 22953
+2 7651
-2 7651
+2 15302
+2 287
+1 574
+6 287
-4 287
+1 287
+1 287
+2 574
+7 1148
-1 574
+1 861
+5 3145
+3 1104
-2 1803
3814 5552
+1 11104
+1 5552
3703 80
cfn=(656)
calls=40 4403 
* 242946
* 147320
-62 95732
3786 3965
-1 3965
+1 7930
+5 11895
+1 15860
1887 1095
3887 8160
+17 5276
+2 288
+3 72
-3 72
+3 144
+68 5276
+1 5276
+1 5276
+1 5276
+1 5276
+5 12280
+14 23784
+2 8921
+2 17842
3820 104
2929 7200
3751 5347
-1 10694
+1 10532
+4 3559
+1 3559
-1 3559
+2 7118
+3 3559
-2 3559
+1 7118
+1 3559
+2 933
+1 933
+3 5598
+6 933
-6 2799
+2 2799
1887 933
3769 933
1887 1866
3766 15756
+6 2626
-6 7878
+2 7878
1887 2626
3769 2626
1887 5252
3720 2
3865 524
-45 52
2930 3600
+2 3600
-2 7200
+1 3600
3796 3600
2932 3600
3795 3600
+1 3600
+47 300
+1 132
+2 6
+1 18
3670 552
+1 552
+1 1104
+1 552
2929 552
3674 552
+1 552
2929 552
+1 552
-2 552
+2 552
-2 552
3670 552
2932 1104
3893 7024
2941 2622
-1 2622
+2 1748
+1 1748
+1 874
3895 874
+95 3498
+3 4360
-3 2304
+3 2980
-3 1196
+3 1752
+97 681
+3 681
-2 1362
+2 1374
+17 36
4008 2971
+3 5942
+2 1014
+1 1014
+1 1014
-2 4056
-27 1074
3850 60
+7 16
-1 32
+1 16
+1 16
+1 32
+2 120
-8 88
3993 469
+2 1876
+1 938
-1 64
+1 32
+24 5871
+3 3914
+5 1957
-3 3914
+3 23991
+3 3914
+3 182
-1 182
+1 364
1887 2626
4103 2626
1887 5252
3993 32
4125 36
cfn=(420)
calls=12 2274 
* 2041
+1 12
-1 12
+1 12
1887 36
4046 1775
-5 1775
+6 3550
+8 1775
-6 1775
+1 1775
+1 1775
+1 1775
+3 1775
+1 1772
+1 3550
+2 97
+1 97
+2 873
+2 291
+1 194
-3 15102
+2 5034
+1 3356
+30 669
+3 1338
-3 669
+1 669
+2 2007
+2 669
-2 1338
-1 669
+1 1338
+2 1338
-72 1419

fn=(478)
3086 289894
+5 52708
+1 52708
+6 52708
+5 26350
-2 26350
+2 52700
+18 79050
+2 79050
4149 52700
+6 105400
+1 52700
+4 105400
+9 79050
-2 52700
+3 52700
+1 105380
+13 38602
+11 53616
+2 40212
1894 40212
4218 13404
+7 13404
-6 26808
+6 26808
-2 13404
+2 26808
+4 26808
+2 13404
+1 26808
3125 289894
4259 11794
+3 5897
+1 5897
-1 17691
+10 5897
-4 5897
+4 11794
+3 11794
+5 17691
+3 11794
+1 11794
+1 11794
1894 17691
4291 11794
+1 54
+2 54
-1 54
+2 818
+3 11794
+5 17592
+1 6236
+1 433
+11 433
-1 433
+2 866
-1 5431
-1 5431
+2 10862
+4 5864
-2 5864
+1 5864
+1 5864
+2 91
+1 91
+2 91
+1 91
+2 273
+1 91
+30 182
-34 5773
+1 5773
+2 17319
+1 5773
+30 11612
+20 11794
2929 21147
+3 7049
-2 14098
+1 7049
+1 14098
4277 17691
-2 11794
+32 16293
+34 33
+1 99
+1 66
+18 63
+1 40
cfn=(656)
calls=20 +41 
* 39986
+2 63
+2 105
+2 2
cfn=(670)
calls=1 2760 
* 25
* 1
-64 11

fl=(130) /build/glibc-OTsEL5/glibc-2.27/string/../sysdeps/x86_64/multiarch/memmove-vec-unaligned-erms.S
fn=(560) __memcpy_avx_unaligned_erms
217 2
+2 2
+1 2
+1 2
+1 2
+99 2
+1 2
+5 2
+1 2
+1 1
+1 1
+2 1
+1 1
+1 1
+1 1
+1 1
+1 1
+1 1
+1 1
+1 1
+1 1
+1 1
+1 1
+1 1
+1 1
+1 1
+1 1
+1 1
+1 1
+15 1
+1 1
+58 1
+1 1
+1 1
+1 1
+1 1
+2 1
+3 1
+1 1
+1 1
+1 1
+2 1
+2 1
+2 1
+3 1
+1 1
+4 22
+1 22
+1 22
+1 22
+1 22
+1 22
+1 22
+1 22
+1 22
+1 22
+1 22
+1 22
+1 22
+2 1
+1 1
+1 1
+1 1
+2 1
+1 1
+1 1

fn=(690) __mempcpy_avx_unaligned_erms
204 279
+1 279
+1 279
+13 279
+1 279
+44 279
+1 279
+2 279
+1 279
+1 279
+1 279
+1 279
+1 279
+1 279
+1 279
+1 279
+2 279

fl=(140) /build/glibc-OTsEL5/glibc-2.27/io/../sysdeps/unix/sysv/linux/write.c
fn=(788) write
27 8
+1 1

fl=(123) /build/glibc-OTsEL5/glibc-2.27/libio/filedoalloc.c
fn=(512) _IO_file_doallocate
78 24
+6 12
fi=(127)
870 9
+2 6
+1 6
fe=(123)
84 9
cfi=(118)
cfn=(514) _IO_file_stat
calls=3 1169 
* 42
* 6
+2 12
+11 12
+4 6
cob=(2)
cfi=(18)
cfn=(486)
calls=3 0 
* 38745
* 3
+2 3
-1 6
+2 12
cfi=(117)
cfn=(518) _IO_setb
calls=3 347 
* 54
+1 3
+1 24

fl=(139) /build/glibc-OTsEL5/glibc-2.27/nptl/unregister-atfork.c
fn=(712) __unregister_atfork
28 16
+8 4
-8 12
+11 8
+82 24

fl=(107)
fn=(422)
46 13
+1 13
cfi=(108)
cfn=(424)
calls=13 -15 
* 512
+2 39
+3 26

fl=(117)
fn=(586) _IO_default_finish
628 8
+2 2
-2 6
+2 4
+6 6
+3 6
54 4
651 14

fn=(684) _IO_default_xsputn
392 2
-3 5
fi=(127)
870 1
fe=(117)
389 1
fi=(127)
870 1
fe=(117)
389 5
fi=(127)
870 2
fe=(117)
407 2
+8 1
+2 2
-20 4
+2 3
+3 2
+20 1
-29 1
+29 7
-15 1
+5 3
-1 2
+2 4

fn=(780) _IO_flush_all_lockp
749 11
+5 4
+1 11
+3 1
-8 1
+5 1
+3 1
-3 1
+3 1
fi=(127)
870 2
fe=(117)
762 1
fi=(127)
870 2
fe=(117)
769 1
fi=(127)
872 2
+1 2
fe=(117)
769 3
cfi=(118)
cfn=(680) _IO_file_overflow@@GLIBC_2.2.5
calls=1 -22 
* 130
+1 3
+2 8
-14 4
+16 4
-16 8
+3 4
-1 4
+1 4
+3 28
+14 9
+1 3
+4 12
-29 4

fn=(520) _IO_free_backup_area
187 4
+1 4
-1 4
+1 4
+2 8
cob=(2)
cfi=(18)
cfn=(522)
calls=4 0 
* 116
+1 4
+1 4
+1 4
+1 8

fn=(778) _IO_cleanup
918 2
+3 1
-3 8
+3 1
cfn=(780)
calls=1 749 
* 270
-72 1
+72 1
-72 2
+1 11
+3 1
-3 1
+3 1
-3 1
+3 1
fi=(127)
+17 2
fe=(117)
-7 1
fi=(127)
+7 2
fe=(117)
+23 4
-40 12
+2 12
+2 9
+6 12
+8 2
+9 1
fi=(127)
-8 2
+1 2
fe=(117)
+7 4
cfi=(118)
cfn=(792) _IO_file_setbuf@@GLIBC_2.2.5
calls=1 389 
* 83
+2 3
+4 5
+1 9
+10 9
+1 2
+35 12
-62 3
+2 2
+2 1
+1 1
-1 1
+2 3
-28 4
+14 4

fn=(490) _IO_old_init
561 3
-2 3
+1 3
-1 3
+2 6
+16 3
-14 3
+1 3
+13 3
+5 3
-17 3
+1 3
+1 3
+1 3
+14 3
-13 3
+1 3
+1 3
+2 3
+1 3
+1 3
+1 3
+6 3
+1 6
+2 3

fn=(794) _IO_default_setbuf
479 2
fi=(127)
870 1
fe=(117)
479 3
fi=(127)
870 1
fe=(117)
479 3
+1 1
fi=(127)
870 1
+2 2
+1 2
fe=(117)
480 2
cfi=(118)
cfn=(796) _IO_file_sync@@GLIBC_2.2.5
calls=1 807 
* 17
* 3
+2 2
+7 1
-7 1
+10 2
+2 1
-2 1
+1 3
+2 6
-11 1
348 1
485 1
-1 1
+1 1
348 3
+7 1
-5 1
+1 1
+4 2

fn=(494) _IO_link_in
87 36
+1 18
+4 3
-2 9
+2 6
+1 33
+2 3
-1 3
-1 3
+2 3
-2 3
+2 39
+2 3
-2 3
+5 3
-2 3
-1 3
+3 42
+2 3
-1 3
+1 24
+1 6
+3 42
-14 12

fn=(552) __underflow
288 8
-1 8
+6 10
+3 4
+2 4
+6 4
+7 2
fi=(127)
870 6
+2 4
+1 4
fe=(117)
311 2
+1 2
-1 2
+1 4
-1 2
cfi=(118)
cfn=(554) _IO_file_underflow@@GLIBC_2.2.5
calls=2 478 
* 182
-2 6

fn=(556) _IO_switch_to_get_mode
164 8
+1 6
+3 6
+5 2
-1 4
+1 2
+7 2
-4 2
+2 4
+2 2
+1 2
+1 8

fn=(576) _IO_unsave_markers
1019 4
+19 6
189 2

fn=(546)
427 2
fi=(127)
870 4
fe=(117)
427 2
+2 2
fi=(127)
870 2
+2 4
+1 4
fe=(117)
429 2
+1 4
-1 2
cfi=(118)
cfn=(548) _IO_file_xsgetn
calls=2 1295 
* 852

fn=(488)
590 27
+1 3
cfn=(490)
calls=3 -30 
* 81
+2 3
-1 3
+1 3
+2 3
+1 3
+1 3
+1 3
+1 3
+1 3
+1 3
+1 3
+1 3
+1 3
+1 3
+1 3
+2 3
+6 3
+1 18

fn=(510) _IO_doallocbuf
362 6
-1 9
+3 12
+4 12
-3 3
fi=(127)
870 9
+2 6
+1 6
fe=(117)
365 6
cfi=(123)
cfn=(512)
calls=3 78 
* 38994
* 6

fn=(572)
53 24
+1 8
+4 8
+1 20
+2 2
-2 2
+1 2
+1 2
-2 2
+2 2
-2 2
+2 30
+2 2
-2 2
+2 4
+2 4
+9 2
+2 2
-2 2
+2 16
+2 2
-1 2
+1 16
+1 4
+3 28
-6 14
-18 8
+8 6

fn=(518)
347 15
+1 24
+3 5
+2 20
-3 5
+3 10
+3 21
-7 2
cob=(2)
cfi=(18)
cfn=(522)
calls=2 0 
* 240
* 10

fl=(79)
fn=(284)
44 6

fl=(60)
fn=(252)
32 1
-2 1
+2 2
-2 3
fi=(152) /build/glibc-OTsEL5/glibc-2.27/string/../sysdeps/x86_64/multiarch/memrchr.c
-1 1
fe=(60)

fn=(230)
32 2
-2 2
+2 4
-2 6
fi=(153) /build/glibc-OTsEL5/glibc-2.27/string/../sysdeps/x86_64/multiarch/strnlen.c
+1 2
fe=(60)

fn=(258)
32 1
-2 1
+2 2
-2 3
fi=(154) /build/glibc-OTsEL5/glibc-2.27/string/../sysdeps/x86_64/multiarch/memchr.c
-1 1
fe=(60)

fn=(204)
32 2
-2 2
+2 4
-2 6
fi=(155) /build/glibc-OTsEL5/glibc-2.27/string/../sysdeps/x86_64/multiarch/strrchr.c
-2 2
fe=(60)

fn=(212)
32 1
-2 1
+2 2
-2 3
fi=(156) /build/glibc-OTsEL5/glibc-2.27/string/../sysdeps/x86_64/multiarch/rawmemchr.c
+1 1
fe=(60)

fn=(268)
32 1
-2 1
+2 2
-2 3
fi=(157) /build/glibc-OTsEL5/glibc-2.27/string/../sysdeps/x86_64/multiarch/strchrnul.c
+1 1
fe=(60)

fn=(250)
32 3
-2 3
+2 6
-2 9
fi=(158) /build/glibc-OTsEL5/glibc-2.27/string/../sysdeps/x86_64/multiarch/strlen.c
-1 3
fe=(60)

fl=(93)
fn=(354)
137 8
+4 1
-4 2
+4 2
+98 1
-98 1
+98 1
+1 4
cfi=(94) /build/glibc-OTsEL5/glibc-2.27/stdlib/cxa_atexit.c
cfn=(356) __cxa_atexit
calls=1 65 
* 65
+22 4
+3 2
+1 5
cob=(7)
cfi=(92)
cfn=(360)
calls=1 0 
* 57
+4 4
+15 2
+12 2
cfi=(95) /build/glibc-OTsEL5/glibc-2.27/setjmp/../sysdeps/x86_64/bsd-_setjmp.S
cfn=(372) _setjmp
calls=1 30 
* 29
+1 2
+5 2
+1 2
+3 2
+3 6
cob=(7)
cfi=(98)
cfn=(378)
calls=1 13 
* 2321837024

fl=(113)
fn=(450)
32 4490
+2 4490
+2 4490
+2 4490
+1 4490
+1 4490
+1 4490
+2 234
+1 234
+1 234
+1 234
+1 234
+1 234
+1 234
+1 234
+1 234
+1 234
+1 234
+1 234
+1 234
+1 234
+1 234
+1 234
+2 234
+1 234
+2 30
+1 30
+1 30
+1 30
+1 30
+1 30
+1 30
+1 30
+1 30
+1 30
+1 30
+1 30
+1 30
+1 30
+2 30
+1 30
+2 26
+1 26
+4 26
+1 26
+1 26
+4 26
+2 26
+1 26
+1 26
+1 26
+1 26
+1 26
+1 26
+1 26
+4 26
+1 26
+3 26
+1 26
+2 6
+1 6
+2 6
+1 6
+1 6
+1 6
+3 6
+1 6
+1 6
+1 6
+1 6
+5 6
+1 6
+1 6
+1 6
+4 6
+2 6
+1 6
+16 6
+1 6
+1 6
+1 5
+1 5
+1 4
+1 4
+1 4
+1 4
+1 3
+1 3
+1 2
+1 2
+1 1
1263 1
+1 1
+2 1
+1 1
+1 1
+2 1
+1 1
1380 1
+1 1
+2 1
+1 1
+1 1
+2 1
+1 1
1614 1
+1 1
+2 1
+1 1
+1 1
+2 1
+1 1
1731 1
+1 1
+2 1
+1 1
+1 1
+2 1
+1 1
1848 1
+1 1
+2 1
+1 1
+1 1
+2 1
+1 1
1965 1
+1 1
+2 1
+1 1
+1 1
+2 1
+1 1
2111 1
+1 1
+4 1
+3 1
+1 1
+1 1
+6 1
+21 5
+1 5
+1 5
+1 5
+4 5
+3 5
+1 5
+1 5
+6 5
+6 11
+1 11
+1 11
+1 11
+1 11
+1 11
+1 11
+1 11
+1 11
+2 9
+1 9
+1 8
+1 8
+1 8
+1 8
+1 8
+1 8
+1 8
+1 8
+1 8
+1 8
+1 8
+1 8
+1 6
+1 6
+1 6
+1 6
+1 6
+1 6
+1 6
+1 6
+1 2
+1 2
+1 2
+1 2
+7 2
+1 2
+1 1
+1 1
+1 1
+1 1
+26 20
+1 38
+4 9
+1 9
+1 9
+2 9
+1 9
-5 6
+1 6
+1 6
+2 6
+1 6
+1 14
+1 14
+1 13
+1 6
+1 6
+1 4
+1 3
+1 3
+1 1
+1 1
+2 7
+1 7
+1 7
+1 2
+1 2
+1 2
+1 1
+2 1
+1 1
+1 1
+1 1
+2 5
+1 5
+1 2
+1 1
+5 1894
+1 1894
+4 1894
+3 1894
+1 1894
+1 1894
+6 1894
+4 215
+1 215
+4 215
+3 215
+1 215
+1 215
+6 215
+4 501
+1 501
+1 501
+1 501
+4 501
+3 501
+1 501
+1 501
+6 501
+4 386
+1 386
+4 386
+3 386
+1 386
+1 386
+6 386
+4 234
+1 234
+1 234
+1 234
+4 234
+3 234
+1 234
+1 234
+6 234
+4 189
+1 189
+1 189
+1 189
+4 189
+3 189
+1 189
+1 189
+6 189
+4 744
+1 744
+1 744
+1 744
+4 744
+3 744
+1 744
+1 744
+6 744
+4 47
+1 47
+1 47
+1 47
+4 47
+3 47
+1 47
+1 47
+6 47
+4 59
+1 59
+1 59
+1 59
+4 59
+3 59
+1 59
+1 59
+6 59
+4 61
+1 61
+1 61
+1 61
+4 61
+3 61
+1 61
+1 61
+6 61
+4 37
+1 37
+1 37
+1 37
+4 37
+3 37
+1 37
+1 37
+6 37
+4 5
+1 5
+1 5
+1 5
+4 5
+3 5
+1 5
+1 5
+6 5
+4 3
+1 3
+1 3
+1 3
+4 3
+3 3
+1 3
+1 3
+6 3
+4 1
+1 1
+1 1
+1 1
+4 1
+3 1
+1 1
+1 1
+6 1
2777 204
+1 204
+1 161
+1 161
+1 161
+1 161
+1 104
+1 104
+1 104
+1 104
+1 44
+1 44
+1 44
+1 44
+1 7
+1 7
+1 7
+1 7
+1 2
+1 2
+1 2
+1 2
+18 4256
+1 4256
+1 2365
+1 2365
+1 2365
+1 2365
+1 2150
+1 2150
+1 2150
+1 2150
+1 1650
+1 1650
+1 1650
+1 1650
+1 1268
+1 1268
+1 1268
+1 1268
+1 1034
+1 1034
+1 1034
+1 1034
+1 849
+1 849
+1 849
+1 849
+1 108
+1 108
+1 108
+1 108
+6 108
+2 108
2992 1
+1 1
+1 1
+1 1
+1 1
+1 1
+4 1
+1 1
+1 1
+1 1
+1 1
+1 1
+13 1
+1 1
+1 1
+1 1
+1 1
+1 1
+4 1
+1 1
+1 1
+1 1
+1 1
+1 1
+4 1
+1 1
+1 1
+1 1
+1 1
+1 1
+4 1
+1 1
+1 1
+1 1
+1 1
+1 1

fl=(126) /build/glibc-OTsEL5/glibc-2.27/io/../sysdeps/unix/sysv/linux/read.c
fn=(530) read
27 48
+1 6

fl=(63) /build/glibc-OTsEL5/glibc-2.27/elf/../sysdeps/unix/sysv/linux/dl-vdso.c
fn=(210) _dl_vdso_vsym
25 30
+1 12
+4 12
+18 36
-21 6
+20 6

fl=(82)
fn=(308)
52 8
+3 3
+14 1
fi=(83) /build/glibc-OTsEL5/glibc-2.27/csu/../sysdeps/generic/dl-hash.h
-25 1
fe=(82)
+23 1
+1 1
fi=(83)
-23 1
fe=(82)
+24 1
fi=(84) /build/glibc-OTsEL5/glibc-2.27/csu/../sysdeps/unix/sysv/linux/x86_64/init-first.c
-33 4
fi=(83)
+7 1
+5 3
+14 4
-17 3
+3 9
+14 12
-17 9
+22 1
fi=(84)
-31 2
+2 2
-2 1
+2 2
cfi=(63)
cfn=(210)
calls=1 -13 
* 17
+2 1
+4 1
-4 1
+4 1
-4 1
+1 2
+1 1
+2 1
cfi=(63)
cfn=(210)
calls=1 -19 
* 17
fe=(82)
+37 3
fi=(84)
-36 2
+1 1
fe=(82)
+35 1
cfi=(85)
cfn=(314)
calls=1 -50 
* 52
+3 1
cfi=(87)
cfn=(320)
calls=1 -53 
* 16
+5 6
-27 1
-7 1
+7 4

fl=(77)
fn=(274)
42 4
fi=(62) /build/glibc-OTsEL5/glibc-2.27/time/../sysdeps/generic/dl-hash.h
+2 2
+1 2
fe=(77)
-3 6
fi=(62)
+1 2
+5 6
+14 8
-17 6
+3 18
+14 24
-17 18
+22 2
fe=(77)
-25 12
cfi=(63)
cfn=(210)
calls=2 -17 
* 34
* 10

fl=(94)
fn=(356)
65 7
-26 2
+26 1
-26 5
+1 2
cfn=(358) __new_exitfn
calls=1 +44 
* 29
+2 2
+7 2
+3 1
-1 1
+2 1
+1 1
+1 4
+1 1
+11 6

fn=(358)
84 2
-6 2
+1 2
-1 1
+11 5
+2 3
-2 1
+10 2
-10 2
+45 1
+1 1
+4 4
-19 1
+1 2

fl=(58)
fn=(198)
32 5
fi=(59) /build/glibc-OTsEL5/glibc-2.27/string/../sysdeps/x86_64/multiarch/strcasecmp.c
-1 1
fe=(58)

fn=(270)
32 5
fi=(76) /build/glibc-OTsEL5/glibc-2.27/string/../sysdeps/x86_64/multiarch/strncase_l.c
-1 1
fe=(58)

fn=(234)
32 5
fi=(71) /build/glibc-OTsEL5/glibc-2.27/string/../sysdeps/x86_64/multiarch/strncase.c
-1 1
fe=(58)

fn=(254)
32 5
fi=(75) /build/glibc-OTsEL5/glibc-2.27/string/../sysdeps/x86_64/multiarch/strcasecmp_l.c
-1 1
fe=(58)

fl=(78)
fn=(282)
44 5
+4 2
-1 2
+12 2
+2 5

fl=(73)
fn=(244)
32 4
-2 2
+2 4
-2 4
+5 2
-1 8
fi=(159) /build/glibc-OTsEL5/glibc-2.27/wcsmbs/../sysdeps/x86_64/multiarch/wmemset.c
-3 2
fe=(73)

fl=(141) /build/glibc-OTsEL5/glibc-2.27/posix/../sysdeps/unix/sysv/linux/_exit.c
fn=(798) _Exit
27 2
+4 1
+2 2

fl=(64)
fn=(214)
32 2
-2 2
+2 4
-2 6
fi=(160) /build/glibc-OTsEL5/glibc-2.27/wcsmbs/../sysdeps/x86_64/multiarch/wmemchr.c
+1 2
fe=(64)

fn=(260)
32 1
-2 1
+2 2
-2 3
fi=(161) /build/glibc-OTsEL5/glibc-2.27/wcsmbs/../sysdeps/x86_64/multiarch/wcslen.c
-1 1
fe=(64)

fn=(228)
32 2
-2 2
+2 4
-2 6
fi=(162) /build/glibc-OTsEL5/glibc-2.27/wcsmbs/../sysdeps/x86_64/multiarch/wcschr.c
+1 2
fe=(64)

fl=(67)
fn=(222)
38 8
+1 6
+9 2

fl=(74)
fn=(248)
40 4
-2 2
+2 4
-2 4
+11 2

fl=(136) /build/glibc-OTsEL5/glibc-2.27/stdlib/cxa_thread_atexit_impl.c
fn=(698) __call_tls_dtors
145 3
+1 4
+18 4

fl=(122)
fn=(506)
34 12
-1 24
+10 24
+1 4
+15 6
fi=(163) /build/glibc-OTsEL5/glibc-2.27/libio/../libio/libioP.h
870 18
+2 12
+1 12
fe=(122)
59 6
+1 6
-1 6
+1 12
-1 6
cfi=(118)
cfn=(508) _IO_file_seekoff@@GLIBC_2.2.5
calls=6 923 
* 1522

fl=(69)
fn=(226)
42 10
+4 4
-1 8
+12 4
+2 10

fl=(97)
fn=(376)
29 1
-1 2
+1 2
+5 3

fl=(118)
fn=(574)
129 6
+2 6
+4 2
+3 4
-3 2
-1 4
+6 2
+3 2
-3 2
cfi=(117)
cfn=(576)
calls=2 1019 
* 12
+3 6
fi=(127)
870 6
+2 4
+1 4
fe=(118)
143 4
cfn=(578) _IO_file_close
calls=2 1190 
* 14
* 2
+3 6
+8 10
cfi=(117)
cfn=(518)
calls=2 347 
* 298
+1 4
+3 2
-3 2
+1 6
+2 2
cfi=(117)
cfn=(572)
calls=2 53 
* 30
+5 2
-4 2
+1 2
+1 2
+2 2
+1 10

fn=(528) _IO_file_read
1153 12
+3 18
cfi=(126)
cfn=(530)
calls=6 27 
* 54

fn=(584)
169 8
+1 4
+7 2
-1 4
+1 4
-1 2
cfi=(117)
cfn=(586)
calls=2 628 
* 50

fn=(492)
107 6
+4 3
-4 6
+5 3
-1 3
+3 3
cfi=(117)
cfn=(494)
calls=3 -27 
* 258
+1 3
+1 12

fn=(508)
923 66
+8 12
+6 30
+3 4
+25 12
+23 2
fi=(127)
870 6
+2 4
+1 4
fe=(118)
988 6
cfn=(514)
calls=2 1169 
* 28
* 4
+89 66
937 8
+3 8
+12 8
+3 6
+5 4
cfi=(117)
cfn=(510)
calls=2 362 
* 716
+1 2
+4 2
-4 6
+1 6
+3 2
+26 2
+7 4
cfi=(117)
cfn=(520)
calls=2 187 
* 80
* 4
cfi=(117)
cfn=(520)
calls=2 187 
* 80
+5 20
+1 4
+3 6
-1 2
+2 16
+12 8
+4 8
+1 4
-1 8
+2 4
-2 4
+1 4
+1 8
+5 4
fi=(127)
872 8
+1 8
fe=(118)
1031 12
cfn=(524) _IO_file_seek
calls=4 1163 
* 28
+1 4
-1 4
+1 4
+2 8
+4 2
fi=(127)
872 4
+1 4
fe=(118)
1038 16
cfn=(528)
calls=2 1153 
* 28
+3 4
869 4
+2 4
+2 4
+5 4
+11 4
+13 4
+10 4
+76 8
+2 4
888 6
+19 2
1049 2
+4 2
-1 2
-3 10
+2 6
+3 4
-5 2
+4 2
-1 2
-3 10
+2 6
+3 4
fi=(127)
876 6
fe=(118)

fn=(548)
1295 20
+7 4
+11 4
+2 4
+1 2
-1 2
+1 4
fi=(127)
870 8
fe=(118)
1332 8
+9 12
+1 16
+18 2
-8 6
+1 6
+7 2
+1 12
+3 2
fi=(127)
872 6
+1 4
fe=(118)
1364 6
cfn=(528)
calls=2 1153 
* 28
+1 4
+12 2
-2 2
+1 2
+1 4
+1 4
-65 8
+2 12
+1 8
+8 8
+59 18
-39 4
cfi=(117)
cfn=(552)
calls=2 288 
* 254
* 4
-26 6
cfi=(130)
cfn=(560)
calls=2 217 
* 348
* 2
+1 4

fn=(554)
478 6
+6 6
-14 10
+17 12
+13 4
+20 4
cfi=(117)
cfn=(556)
calls=2 164 
* 48
+11 2
-5 2
fi=(127)
872 2
fe=(118)
526 4
fi=(127)
872 2
fe=(118)
527 2
+2 2
fi=(127)
873 2
fe=(118)
528 4
fi=(127)
873 2
fe=(118)
531 8
cfn=(528)
calls=2 1153 
* 28
+2 4
+16 2
-9 2
+9 4
+1 4
+1 2
+1 4
-1 2
+1 8

fn=(680)
747 6
+7 2
-8 12
+8 5
+35 4
-32 2
+12 2
+9 4
+8 1
-4 1
+3 2
-2 2
-3 1
+1 2
+5 1
-1 1
+1 3
+4 2
+1 2
+11 6
-12 2
cfn=(682) _IO_do_write@@GLIBC_2.2.5
calls=2 433 
* 112
-31 2
cfi=(117)
cfn=(510)
calls=1 362 
* 38353
+1 6

fn=(524)
1163 8
cfi=(125)
cfn=(526)
calls=4 35 
* 20

fn=(578)
1190 4
cfi=(132)
cfn=(580)
calls=2 37 
* 10

fn=(496)
214 30
+9 6
+2 14
364 30
234 1
-2 1
+1 1
+15 38
+33 2
-96 2
+1 4
-1 2
+96 1
-96 1
+1 2
-1 1
+4 3
cfi=(119) /build/glibc-OTsEL5/glibc-2.27/io/../sysdeps/unix/sysv/linux/open64.c
cfn=(498) open
calls=3 36 
* 86
* 3
+1 6
+3 3
-1 3
+1 6
+3 6
-3 3
+3 3
+10 6
cfi=(117)
cfn=(494)
calls=3 87 
* 48
+81 9
cfi=(120) /build/glibc-OTsEL5/glibc-2.27/string/../string/strstr.c
cfn=(500) __GI_strstr
calls=3 53 
* 75
+1 3
-1 3
+1 3
-40 11
-19 2
-1 2
-13 4
+73 6

fn=(678)
1220 1120
+7 280
-7 840
+6 1400
+7 1400
+17 840
+1 279
+3 1116
+4 279
+2 837
-1 279
+1 279
-2 279
cfi=(130)
cfn=(690)
calls=279 204 
* 4743
* 279
* 279
+4 558
+18 558
+10 2520
-40 1
+16 1
fi=(127)
870 3
+2 2
+1 2
fe=(118)
1266 3
cfn=(680)
calls=1 747 
* 38406
* 2
+6 2
+1 7
+2 2
+11 3
+1 4
cfi=(117)
cfn=(684)
calls=1 392 
* 50
* 3

fn=(796)
807 4
+5 4
+2 1
+1 2
+15 2
+4 4

fn=(514)
1169 5
+1 15
cfi=(124) /build/glibc-OTsEL5/glibc-2.27/io/../sysdeps/unix/sysv/linux/wordsize-64/fxstat.c
cfn=(516) _fxstat
calls=5 34 
* 50

fn=(682)
433 6
+1 1
-3 16
+11 2
+7 4
fi=(127)
873 2
fe=(118)
457 4
cfn=(786) _IO_file_write@@GLIBC_2.2.5
calls=1 1196 
* 45
* 1
+1 5
+6 1
-4 1
+4 1
-4 3
+1 2
+3 2
-2 1
-29 4
+1 8
+29 3

fn=(786)
1196 6
+2 6
+5 1
cfi=(140)
cfn=(788)
calls=1 27 
* 9
+1 2
+5 1
+1 1
-12 2
+5 5
+10 3
+3 9

fn=(792)
389 2
+1 1
cfi=(117)
cfn=(794)
calls=1 +89 
* 68
* 2
+4 2
-1 2
+2 3
+2 1
+1 2

fl=(120)
fn=(500)
53 21
+10 12
+26 27
-23 15

fl=(119)
fn=(498)
36 3
+3 3
-3 9
+3 3
-3 3
+3 11
+8 29
+2 15
-7 2
+1 1
-1 3
+5 4

fl=(124)
fn=(516)
34 5
-1 5
+1 5
+1 30
+4 5

fl=(135)
fn=(696) __run_exit_handlers
40 9
+5 1
-5 1
+5 2
+11 14
+3 2
+2 5
+16 2
+35 6
+2 2
-44 6
+2 1
+1 1
-1 1
+4 4
+1 6
+29 1
-3 1
+5 1
-2 2
+2 2
cob=(1)
cfi=(137)
cfn=(700)
calls=1 -78 
* 1434
+1 1
+11 1
+1 1
-1 1
+1 1
+5 4
-73 1
+12 1
+1 4
+63 2
+1 11
cfi=(117)
cfn=(778)
calls=1 918 
* 509
* 3
+2 2
cfi=(141)
cfn=(798)
calls=1 27 
* 5
-86 1
cfi=(136)
cfn=(698)
calls=1 +99 
* 11
* 1

fn=(694)
139 1
-1 1
+1 3
cfn=(696)
calls=1 -99 
* 2064

fl=(138)
fn=(710)
30 8
+3 4
-3 20
+3 4
-3 4
+3 20
+3 12
+4 28
-4 12
+58 20
+4 24
-4 12
+12 8
+1 8
cfi=(139)
cfn=(712)
calls=4 -79 
* 64
+2 16
+1 32

fl=(61)
fn=(206)
43 4
fi=(62)
+1 2
+1 2
fe=(61)
-2 8
fi=(62)
+5 6
+14 8
-17 6
+3 18
+14 24
-17 18
+22 2
fe=(61)
-24 12
cfi=(63)
cfn=(210)
calls=2 -18 
* 34
* 10

fl=(65)
fn=(218)
33 5
-1 2
+2 2
+1 3
fi=(66) /build/glibc-OTsEL5/glibc-2.27/string/../sysdeps/x86_64/multiarch/memcmp.c
-6 1
fe=(65)

fl=(86)
fn=(318)
43 1
+1 1
+2 1
+1 1
+3 1
+1 1
+1 1
+2 1
+1 1
+1 1
+1 1
+1 1
+1 1
+2 1
+1 1
+12 1
+1 1
216 1
+1 1
+1 1
+1 1
+1 1
+2 1
+1 1
+1 1
+1 1
+1 1

fl=(56)
fn=(240)
44 10
+4 4
-1 4
+12 4
+2 10

fn=(194)
44 10
+4 4
-1 4
+12 4
+2 10

fn=(216)
44 5
+4 2
-1 2
+12 2
+2 5

fl=(95)
fn=(372)
30 1
+2 1
cfi=(96)
cfn=(374)
calls=1 -6 
* 27

fl=(103)
fn=(392)
126 9
+2 1
-2 1
+5 1
-5 1
+5 2
cob=(1)
cfi=(2)
cfn=(52)
calls=1 784 
* 2
+2 2
cob=(1)
cfi=(104)
cfn=(400)
calls=1 -62 
* 1384
* 5
+2 3
30 1
+1 1
-1 1
+1 1
+3 2
+5 1
+6 1
-7 1
+2 3
+2 3
+3 1
+5 7
-6 2
+6 4043
+2 1010
+1 2020
-1 1
+1 2
+2 3664
+9 2052
+7 28
-2 28
+2 2353
-2 2297
+2 6003
-10 11625
+2 9300
+1 14806
+36 2
+1 1
+1 3
+3 2
+36 2
cob=(1)
cfi=(2)
cfn=(54)
calls=1 790 
* 2
+3 9
-27 1
+1 1
+20 2

ob=(4)
fl=(81)
fn=(302)
0 17

fn=(724)
0 8
cob=(2)
cfi=(18)
cfn=(730)
calls=1 0 
0 75
0 1
cfn=(734) 0x0000000000000570
calls=1 0 
0 8
0 3

fn=(734)
0 8

ob=(5)
fl=(90)
fn=(760)
0 8
cob=(2)
cfi=(18)
cfn=(766)
calls=1 0 
0 75
0 1
cfn=(770) 0x000000000000ca20
calls=1 0 
0 8
0 3

fn=(770)
0 8

fn=(334)
0 17

totals: 2322287546
